CurrSim,Costing Population,y1985,y1986,y1987,y1988,y1989,y1990,y1991,y1992,y1993,y1994,y1995,y1996,y1997,y1998,y1999,y2000,y2001,y2002,y2003,y2004,y2005,y2006,y2007,y2008,y2009,y2010,y2011,y2012,y2013,y2014,y2015,y2016,y2017,y2018,y2019,y2020,y2021,y2022,y2023,y2024,y2025,y2026,y2027,y2028,y2029,y2030,y2031,y2032,y2033,y2034,y2035,y2036,y2037,y2038,y2039,y2040,y2041,y2042,y2043,y2044,y2045,y2046,y2047,y2048,y2049,y2050
0,LYlostAIDS,0,187,879,2462,6205,13928,27921,52040,92732,154522,242292,360112,510177,695812,907237,1151118,1414140,1647496,1865645,2073287,2293300,2293215,2106626,1916272,1681079,1472319,1280234,1122273,945211,817142,721402,644238,585955,543021,504877,469528,441242,422219,458236,558572,846390,763458,636148,528668,464482,420125,392394,372646,358296,346701,336925,328375,320643,313443,306580,299930,293415,286988,280621,274299,268018,261775,255571,249411,243301,237246,0,0,0,0,0,0,0,0,0,0,0,0,0,0,0,0,0,0,0,0,0,0,0,0,0,0,0,0,361
0,DALYs (adults and paeds),0,361,1627,4440,11003,24187,47250,85728,148905,242332,371484,540028,748124,1002157,1279953,1595826,1927798,2217350,2475188,2715363,2961821,2934238,2695350,2483483,2176403,1861678,1554735,1341922,1129633,980553,867555,770845,696999,647440,604050,562740,527712,503768,540759,644130,936656,848673,716102,603662,535049,486712,456056,434111,418055,405050,394059,384437,375708,367475,359563,351854,344284,336811,329415,322084,314807,307576,300389,293250,286163,279136,0,0,0,0,0,0,0,0,0,0,0,0,0,0,0,0,0,0,0,0,0,0,0,0,0,0,0,0,435
0,TotalNewHIV,0,435,1650,4244,8511,14158,20732,29162,39743,51114,62295,72101,79570,85421,89232,90984,90777,89324,86880,85219,83892,82266,79776,80203,77078,74074,70126,65778,60852,57391,54022,50459,45995,41095,37266,33231,29143,36423,37943,39389,39622,37705,34733,31789,29425,28040,27056,26250,25488,24672,23848,23059,22333,21656,21013,20415,19867,19363,18900,18469,18063,17697,17359,17038,16734,16445,0,0,0,0,0,0,0,0,0,0,0,0,0,0,0,0,0,0,0,0,0,0,0,0,0,0,0,0,1249
0,TotalHIV,0,1249,2872,7032,15335,29056,50069,82168,125906,182087,250378,329055,414737,504321,594512,681868,763260,835616,900458,958395,1009250,1057057,1150229,1212016,1294562,1355535,1414346,1458453,1501199,1543181,1583867,1622664,1658253,1689875,1718445,1743844,1762080,1789071,1817939,1844955,1863954,1882403,1900215,1916667,1931031,1943704,1954655,1963867,1971109,1976334,1979559,1980855,1980321,1978038,1974076,1968523,1961461,1952950,1943039,1931761,1919139,1905213,1890014,1873566,1855892,0,0,0,0,0,0,0,0,0,0,0,0,0,0,0,0,0,0,0,0,0,0,0,0,0,0,0,0,0,5995204
0,TotPop,0,5995204,6042878,6084315,6119072,6146770,6258393,6485255,6714889,6946205,7178043,7409008,7729115,8041622,8352529,8662649,8969171,9224665,9467834,9710145,9957083,10210432,10913362,11235381,11752319,12085856,12434712,12724805,13027811,13352316,13674870,13991725,14307293,14627447,14952989,15280932,15570363,15873680,16194748,16511617,16819254,17127812,17438805,17752117,18067004,18383263,18700637,19019030,19332067,19639748,19942032,20238785,20529754,20814625,21093023,21364571,21628804,21885298,22133682,22373619,22604830,22827095,23040293,23244386,23439416,0,0,0,0,0,0,0,0,0,0,0,0,0,0,0,0,0,0,0,0,0,0,0,0,0,0,0,0,0,-9223372036854775808
0,VLSuppressedx1000,0,-9223372036854775808,-9223372036854775808,-9223372036854775808,-9223372036854775808,-9223372036854775808,-9223372036854775808,-9223372036854775808,-9223372036854775808,-9223372036854775808,-9223372036854775808,-9223372036854775808,-9223372036854775808,-9223372036854775808,-9223372036854775808,-9223372036854775808,893,894,895,895,893,903,908,911,899,869,854,864,872,881,880,890,908,913,917,925,937,946,949,950,951,952,952,953,953,954,954,955,955,956,956,956,957,957,958,958,958,959,959,959,960,960,960,961,961,0,0,0,0,0,0,0,0,0,0,0,0,0,0,0,0,0,0,0,0,0,0,0,0,0,0,0,0,0,0
0,VLSuppressedU15x1000,0,0,0,0,0,0,0,0,0,0,0,0,0,0,0,0,797,797,797,797,797,815,831,837,801,751,728,712,722,737,719,737,756,750,757,764,771,778,785,792,799,806,806,806,806,806,806,806,806,806,806,806,806,806,806,806,806,806,806,806,806,806,806,806,806,0,0,0,0,0,0,0,0,0,0,0,0,0,0,0,0,0,0,0,0,0,0,0,0,0,0,0,0,0,0
0,HIVinc15to49,0,0,0,1,2,4,6,8,10,12,14,16,16,17,17,17,16,15,14,14,13,12,12,11,11,10,10,9,8,8,7,7,6,5,5,4,3,4,4,4,4,4,4,3,3,3,3,2,2,2,2,2,2,2,2,2,2,2,2,1,1,1,1,1,1,1,0,0,0,0,0,0,0,0,0,0,0,0,0,0,0,0,0,0,0,0,0,0,0,0,0,0,0,0,2
0,AIDSdeaths,0,2,12,35,92,212,441,849,1554,2647,4232,6400,9219,12724,16826,21603,26858,31625,36307,40886,45864,46510,43153,39198,34650,31077,27958,24963,21295,18574,16564,15006,13835,12954,12180,11476,10923,10573,11625,14373,22045,20005,16830,14166,12649,11653,11094,10741,10525,10376,10270,10194,10137,10091,10051,10014,9976,9936,9893,9844,9791,9731,9666,9594,9516,9431,0,0,0,0,0,0,0,0,0,0,0,0,0,0,0,0,0,0,0,0,0,0,0,0,0,0,0,0,1
0,Total women diagnosed,0,1,3,9,24,55,124,612,1996,4914,10100,18277,30106,45801,65287,88149,114607,143409,174325,205957,239933,280836,346947,408596,473086,561579,654554,715099,758349,789848,828424,872260,906763,937769,965917,996528,1014588,1036794,1058700,1079829,1097813,1115197,1132378,1148477,1162848,1175165,1185709,1194634,1202026,1207956,1212441,1215556,1217531,1218358,1218072,1216706,1214294,1210876,1206485,1201153,1194911,1187780,1179789,1170955,1161289,0,0,0,0,0,0,0,0,0,0,0,0,0,0,0,0,0,0,0,0,0,0,0,0,0,0,0,0,0,1
0,Total men diagnosed,0,1,4,12,33,80,170,574,1610,3647,7079,12284,19328,28346,39220,51663,64890,78666,92619,105779,119094,138481,170018,202365,237548,290311,353314,400615,433507,455907,483114,516188,542595,568709,591648,613835,623630,636169,647930,657052,659545,662640,667541,673587,679536,684612,688700,691797,693968,695286,695787,695535,694731,693331,691340,688772,685632,681932,677686,672916,667646,661895,655682,649025,641940,0,0,0,0,0,0,0,0,0,0,0,0,0,0,0,0,0,0,0,0,0,0,0,0,0,0,0,0,0,706
0,Total women undiagnosed,0,706,1361,3030,6407,12144,21867,36422,56304,81435,110923,143116,177110,210147,240537,266811,287095,300491,308433,312176,309834,299027,290319,267299,252332,203157,148302,117000,102225,98860,88049,71158,62114,54691,48844,39164,38921,37446,37467,38191,39012,39149,38015,36295,34530,33138,32065,31206,30449,29726,29038,28406,27839,27326,26854,26426,26041,25691,25368,25067,24785,24530,24293,24065,23841,0,0,0,0,0,0,0,0,0,0,0,0,0,0,0,0,0,0,0,0,0,0,0,0,0,0,0,0,0,525
0,Total men undiagnosed,0,525,1448,3826,8501,16011,26485,42067,61907,85784,113070,142591,171007,198049,222235,242380,258135,269502,277095,282254,284188,278508,275243,263140,258259,227411,185902,154364,136857,129760,117749,99314,86292,71710,59065,45869,41578,40303,39895,40148,40686,40596,39282,37146,34790,32749,31131,29887,28897,28065,27326,26658,26061,25521,25022,24555,24117,23708,23327,22970,22629,22302,21988,21684,21388,0,0,0,0,0,0,0,0,0,0,0,0,0,0,0,0,0,0,0,0,0,0,0,0,0,0,0,0,0,0
0,Total U15 diagnosed,0,0,0,0,0,0,0,82,256,548,999,1654,2566,3742,5205,6967,8965,11035,13237,15474,17823,20821,25888,29845,34603,39668,41990,43825,45072,45416,45654,45778,45605,44213,41953,39156,35536,31836,28311,24817,22525,20850,19382,17863,16313,15256,14450,13894,13446,13092,12863,12698,12259,11699,11080,10447,9843,9290,8793,8344,7924,7522,7135,6764,6410,0,0,0,0,0,0,0,0,0,0,0,0,0,0,0,0,0,0,0,0,0,0,0,0,0,0,0,0,0,16
0,Total U15 undiagnosed,0,16,55,154,370,767,1423,2411,3832,5758,8207,11134,14621,18235,22028,25896,29568,32512,34747,36754,38377,39384,41814,40773,38733,33409,30282,27550,25188,23389,20878,17966,14885,12784,11018,9292,7827,6523,5636,4918,4373,3970,3617,3299,3014,2784,2599,2450,2323,2209,2104,2002,1901,1802,1707,1617,1533,1454,1380,1311,1246,1184,1127,1074,1024,0,0,0,0,0,0,0,0,0,0,0,0,0,0,0,0,0,0,0,0,0,0,0,0,0,0,0,0,0,0
0,Total women on ART,0,0,0,0,0,0,0,0,0,0,0,0,0,0,0,0,1203,2675,4530,6843,16408,34548,64212,101145,145952,192253,251718,343204,416791,476913,552677,630679,717234,792799,860321,941606,1001896,831562,831049,831501,849953,884794,921968,959870,995935,1014820,1029790,1041871,1051680,1059598,1065854,1070636,1074212,1076598,1077842,1077987,1077065,1075112,1072164,1068257,1063428,1057710,1051134,1043726,1035504,0,0,0,0,0,0,0,0,0,0,0,0,0,0,0,0,0,0,0,0,0,0,0,0,0,0,0,0,0,0
0,Total men on ART,0,0,0,0,0,0,0,0,0,0,0,0,0,0,0,0,638,1348,2168,3111,7249,15795,29566,47064,68766,89863,118160,161621,201563,235216,271087,307728,345471,379891,409595,440213,462495,416677,411640,408002,414161,434534,458151,483280,507978,521039,530856,538311,543932,548048,550889,552658,553632,553850,553368,552237,550494,548169,545295,541905,538028,533698,528940,523777,518227,0,0,0,0,0,0,0,0,0,0,0,0,0,0,0,0,0,0,0,0,0,0,0,0,0,0,0,0,0,0
0,Total U15 on ART,0,0,0,0,0,0,0,0,0,0,0,0,0,0,0,0,156,345,558,836,2649,5810,9303,12842,17439,23621,27525,30515,34124,36040,37292,38036,37204,35897,34175,32183,29313,24781,21906,19243,17672,16669,15851,14948,13875,13095,12495,12081,11738,11460,11274,11134,10750,10258,9714,9159,8630,8146,7711,7317,6949,6597,6257,5931,5620,0,0,0,0,0,0,0,0,0,0,0,0,0,0,0,0,0,0,0,0,0,0,0,0,0,0,0,0,0,0
0,Total number of patients on ART (public + private),0,0,0,0,0,0,0,0,0,0,0,0,0,0,0,0,1997,4368,7256,10791,26306,56153,103081,161050,232157,305737,397402,535341,652478,748169,861056,976442,1099909,1208587,1304091,1414001,1493704,1273020,1264595,1258746,1281787,1335998,1395970,1458097,1517788,1548954,1573142,1592262,1607349,1619105,1628017,1634428,1638594,1640706,1640924,1639383,1636188,1631428,1625169,1617479,1608405,1598004,1586332,1573434,1559351,0,0,0,0,0,0,0,0,0,0,0,0,0,0,0,0,0,0,0,0,0,0,0,0,0,0,0,0,0,0
0,Number of people starting ART (public + private),0,0,0,0,0,0,0,0,0,0,0,0,0,0,0,0,2270,2950,3707,4598,18139,35300,51822,68507,79256,88141,107413,160178,144495,117483,135617,139801,147653,127842,106091,106481,54054,854,822,1138,19364,37470,51887,60097,61640,51046,43767,38582,34781,31898,29635,27801,26272,24969,23837,22838,21948,21150,20431,19782,19193,18657,18170,17726,17319,16944,0,0,0,0,0,0,0,0,0,0,0,0,0,0,0,0,0,0,0,0,0,0,0,0,0,0,0,0,0
0,Number re-starting ART,0,0,0,0,0,0,0,0,0,0,0,0,0,0,0,17,135,340,619,1195,2737,5850,11242,18433,26593,35943,48288,63015,78855,92459,106923,122356,139783,156841,174394,192773,142460,144699,144736,168384,176954,185390,194680,204626,210343,214988,218415,220811,222377,223306,223742,223790,223527,223011,222283,221376,220317,219122,217803,216362,214805,213125,211315,209374,207305,0,0,0,0,0,0,0,0,0,0,0,0,0,0,0,0,0,0,0,0,0,0,0,0,0,0,0,0,0,2
0,Adults First95,0,2,3,3,4,5,6,15,30,49,71,97,124,154,184,215,248,280,313,344,377,421,478,535,582,664,751,804,833,845,864,891,907,923,935,950,953,956,957,957,957,957,959,961,964,966,967,969,970,971,971,972,973,973,974,974,974,975,975,975,975,975,975,975,976,-9223372036854775808,0,0,0,0,0,0,0,0,0,0,0,0,0,0,0,0,0,0,0,0,0,0,0,0,0,0,0,0,0
0,Adults Second95,0,0,0,0,0,0,0,0,0,0,0,0,0,0,0,0,10,18,25,32,66,120,181,243,302,331,367,452,519,572,628,676,733,778,815,858,894,746,728,714,719,742,767,792,816,826,833,838,842,845,847,849,851,853,854,856,857,858,858,859,860,860,861,861,862,-9223372036854775808,0,0,0,0,0,0,0,0,0,0,0,0,0,0,0,0,0,0,0,0,0,0,0,0,0,0,0,0,-9223372036854775808
0,Adults Third95,0,-9223372036854775808,-9223372036854775808,-9223372036854775808,-9223372036854775808,-9223372036854775808,-9223372036854775808,-9223372036854775808,-9223372036854775808,-9223372036854775808,-9223372036854775808,-9223372036854775808,-9223372036854775808,-9223372036854775808,-9223372036854775808,-9223372036854775808,865,865,867,867,865,877,884,887,872,835,816,829,839,849,848,861,882,889,895,904,919,931,935,936,937,938,938,939,940,940,941,942,942,943,943,944,944,945,945,946,946,947,947,948,948,948,949,949,950,0,0,0,0,0,0,0,0,0,0,0,0,0,0,0,0,0,0,0,0,0,0,0,0,0,0,0,0,0,0
0,Children First95,0,0,0,0,0,0,0,33,63,87,109,129,149,170,191,212,233,253,276,296,317,346,382,423,472,543,581,614,642,660,686,718,754,776,792,808,820,830,834,835,837,840,843,844,844,846,848,850,853,856,859,864,866,867,867,866,865,865,864,864,864,864,864,863,862,-9223372036854775808,0,0,0,0,0,0,0,0,0,0,0,0,0,0,0,0,0,0,0,0,0,0,0,0,0,0,0,0,0
0,Children Second95,0,0,0,0,0,0,0,0,0,0,0,0,0,0,0,0,17,31,42,54,149,279,359,430,504,595,655,696,757,794,817,831,816,812,815,822,825,778,774,775,785,799,818,837,851,858,865,870,873,875,876,877,877,877,877,877,877,877,877,877,877,877,877,877,877,-9223372036854775808,0,0,0,0,0,0,0,0,0,0,0,0,0,0,0,0,0,0,0,0,0,0,0,0,0,0,0,0,0
0,Children Third95,0,0,0,0,0,0,0,0,0,0,0,0,0,0,0,0,744,744,744,744,744,766,786,794,750,690,662,643,655,673,651,672,695,688,697,705,713,722,730,739,747,756,756,756,756,756,756,756,756,756,756,756,756,756,756,756,756,756,756,756,756,756,756,756,756,0,0,0,0,0,0,0,0,0,0,0,0,0,0,0,0,0,0,0,0,0,0,0,0,0,0,0,0,0,2
0,All First95,0,2,2,3,4,5,6,15,31,50,73,98,125,154,185,215,247,279,311,341,373,416,472,529,576,658,742,795,824,837,857,884,902,918,931,946,950,953,954,955,955,956,957,960,963,965,966,968,969,970,970,971,972,972,973,973,974,974,974,974,975,975,975,975,975,-9223372036854775808,0,0,0,0,0,0,0,0,0,0,0,0,0,0,0,0,0,0,0,0,0,0,0,0,0,0,0,0,0
0,All Second95,0,0,0,0,0,0,0,0,0,0,0,0,0,0,0,0,11,19,26,33,70,128,190,251,312,343,379,462,527,579,634,681,736,779,815,857,892,747,729,715,720,743,767,792,817,826,833,838,842,845,847,850,851,853,854,856,857,858,859,859,860,860,861,861,862,-9223372036854775808,0,0,0,0,0,0,0,0,0,0,0,0,0,0,0,0,0,0,0,0,0,0,0,0,0,0,0,0,-9223372036854775808
0,All Third95,0,-9223372036854775808,-9223372036854775808,-9223372036854775808,-9223372036854775808,-9223372036854775808,-9223372036854775808,-9223372036854775808,-9223372036854775808,-9223372036854775808,-9223372036854775808,-9223372036854775808,-9223372036854775808,-9223372036854775808,-9223372036854775808,-9223372036854775808,865,865,867,867,865,877,884,887,872,835,816,829,839,849,848,861,882,889,895,904,919,931,935,936,937,938,938,939,940,940,941,942,942,943,943,944,944,945,945,946,946,947,947,948,948,948,949,949,950,0,0,0,0,0,0,0,0,0,0,0,0,0,0,0,0,0,0,0,0,0,0,0,0,0,0,0,0,0,0
0,ART clients with Peer Navigators,0,0,0,0,0,0,0,0,0,0,0,0,0,0,0,0,0,0,0,0,0,0,0,0,0,0,0,0,0,0,0,0,0,0,0,0,0,0,0,0,0,0,0,0,0,0,0,0,0,0,0,0,0,0,0,0,0,0,0,0,0,0,0,0,0,0,0,0,0,0,0,0,0,0,0,0,0,0,0,0,0,0,0,0,0,0,0,0,0,0,0,0,0,0,0
0,Medical male circumcision,0,0,0,0,0,0,0,0,0,0,0,0,0,0,0,0,0,0,0,0,0,0,0,0,1381,2439,18253,48441,112319,115732,146275,126742,121586,112699,102331,75789,68048,137478,79727,35713,120574,84493,83307,81569,80185,79309,78077,76891,75487,74137,72937,71806,70834,70065,69490,69135,68962,68970,69137,69452,69877,70411,71010,71636,72263,72849,0,0,0,0,0,0,0,0,0,0,0,0,0,0,0,0,0,0,0,0,0,0,0,0,0,0,0,0,0
0,MMC 10-14,0,0,0,0,0,0,0,0,0,0,0,0,0,0,0,0,0,0,0,0,0,0,0,0,458,797,5931,15509,34818,33853,42105,36646,38164,39566,39977,32710,32581,71671,40704,19556,72960,50660,51673,51502,51624,52559,52751,52968,53052,53108,53153,53261,53444,53733,54116,54598,55181,55847,56581,57373,58192,59015,59820,60584,61284,61905,0,0,0,0,0,0,0,0,0,0,0,0,0,0,0,0,0,0,0,0,0,0,0,0,0,0,0,0,0
0,MMC 15+,0,0,0,0,0,0,0,0,0,0,0,0,0,0,0,0,0,0,0,0,0,0,0,0,922,1642,12321,32932,77501,81879,104171,90096,83422,73133,62354,43079,35467,65807,39023,16157,47614,33833,31634,30066,28561,26750,25326,23924,22436,21029,19784,18545,17390,16331,15374,14537,13781,13123,12556,12078,11685,11396,11189,11053,10978,10943,0,0,0,0,0,0,0,0,0,0,0,0,0,0,0,0,0,0,0,0,0,0,0,0,0,0,0,0,6142
0,Early infant male circumcision,0,6142,6048,5940,5821,5696,5577,5756,5991,6196,6373,6515,6646,6543,6708,6918,7048,7225,7005,7311,7833,8213,8465,8968,9031,9207,9750,10600,10991,11789,11626,11318,11216,11377,11582,11513,11554,11546,11573,11601,11628,11679,11753,11851,11971,12112,12266,12431,12604,12775,12940,13095,13236,13357,13457,13535,13588,13616,13622,13608,13575,13528,13468,13401,13331,13260,0,0,0,0,0,0,0,0,0,0,0,0,0,0,0,0,0,0,0,0,0,0,0,0,0,0,0,0,2679407
0,Condom distribution in non-traditional outlets (hotels; shops; malls),0,2679407,2685860,2746326,2808760,2873312,2942432,3046612,3192457,3549960,4082918,4920363,6227210,8187535,10774659,13993105,17641376,21415999,24967002,27963790,30207388,31714374,32746220,34231934,36019257,37601679,39486705,40967422,42399520,43509978,44562163,45523643,46410253,47285538,48153040,49104769,50230702,51520971,52668829,53937990,55163583,56279440,57528251,58808765,60111172,61432065,62748755,64056465,65348614,66612836,67861677,69108883,70359012,71613126,72870363,74129045,75385456,76633781,77866456,79075099,80251157,81385423,82469892,83497802,84463647,85363195,0,0,0,0,0,0,0,0,0,0,0,0,0,0,0,0,0,0,0,0,0,0,0,0,0,0,0,0,10717628
0,Condom distribution in clinics,0,10717628,10743440,10985303,11235040,11493249,11769728,12186449,12769827,14199840,16331671,19681452,24908841,32750141,43098637,55972420,70565504,85663997,99868008,111855159,120829550,126857496,130984880,136927736,144077027,150406715,157946819,163869686,169598080,174039913,178248651,182094572,185641012,189142154,192612160,196419076,200922809,206083885,210675316,215751960,220654331,225117761,230113003,235235060,240444690,245728260,250995021,256225862,261394456,266451344,271446707,276435533,281436048,286452504,291481452,296516181,301541826,306535122,311465824,316300397,321004627,325541693,329879566,333991208,337854588,341452779,0,0,0,0,0,0,0,0,0,0,0,0,0,0,0,0,0,0,0,0,0,0,0,0,0,0,0,0,13397034
0,Condom distribution (all),0,13397034,13429301,13731629,14043800,14366561,14712160,15233061,15962284,17749799,20414589,24601815,31136051,40937676,53873296,69965526,88206879,107079996,124835010,139818948,151036938,158571869,163731100,171159671,180096284,188008394,197433523,204837108,211997600,217549891,222810814,227618215,232051265,236427692,240765200,245523845,251153511,257604857,263344145,269689951,275817913,281397201,287641254,294043825,300555862,307160325,313743776,320282327,326743069,333064179,339308384,345544416,351795060,358065631,364351815,370645226,376927282,383168903,389332280,395375496,401255783,406927116,412349458,417489010,422318235,426815974,0,0,0,0,0,0,0,0,0,0,0,0,0,0,0,0,0,0,0,0,0,0,0,0,0,0,0,0,2405213
0,Total protected sex acts,0,2405213,2411005,2465283,2521329,2579275,2641321,2734840,2865760,3186679,3665097,4416843,5589955,7349673,9672046,12561136,15836065,19224416,22412030,25102145,27116147,28468917,29395171,30728846,32333265,33753751,35445875,36775064,38060610,39057431,40001941,40865030,41660909,42446623,43225350,44079685,45090397,46248628,47279021,48418304,49518476,50520144,51641159,52790633,53959760,55145480,56327428,57501315,58661233,59796082,60917125,62036699,63158898,64284673,65413252,66543128,67670966,68791545,69898075,70983033,72038740,73056933,74030423,74953144,75820150,76627643,0,0,0,0,0,0,0,0,0,0,0,0,0,0,0,0,0,0,0,0,0,0,0,0,0,0,0,0,43
0,Proportion sex acts that are protected x1000,0,43,43,43,44,44,45,45,44,46,51,58,70,88,111,139,169,198,225,245,259,266,268,266,270,270,274,276,279,281,282,283,283,283,283,284,285,288,290,292,294,295,297,298,300,302,303,304,306,307,308,310,311,313,315,317,319,321,323,326,328,330,332,334,336,338,0,0,0,0,0,0,0,0,0,0,0,0,0,0,0,0,0,0,0,0,0,0,0,0,0,0,0,0,0
0,PrEP NonFSW,0,0,0,0,0,0,0,0,0,0,0,0,0,0,0,0,0,0,0,0,0,0,0,0,0,0,0,0,0,0,0,0,0,5399,12351,49243,70885,88829,100929,99525,100438,97358,96376,99734,104050,109749,115730,118488,134284,145178,147874,146091,147970,155779,157860,162610,165777,170262,175103,178217,165808,161591,160174,160659,162995,0,0,0,0,0,0,0,0,0,0,0,0,0,0,0,0,0,0,0,0,0,0,0,0,0,0,0,0,0,0
0,PrEP FSW,0,0,0,0,0,0,0,0,0,0,0,0,0,0,0,0,0,0,0,0,0,0,0,0,0,0,0,0,0,0,0,7307,9821,11869,12722,17161,19252,24183,27190,25159,25068,20997,19920,21244,23122,25270,27627,29469,30924,32297,33673,35078,36515,37975,39450,40935,42421,43896,45348,46763,48134,49456,50708,51880,52967,0,0,0,0,0,0,0,0,0,0,0,0,0,0,0,0,0,0,0,0,0,0,0,0,0,0,0,0,0,0
0,PrEP men,0,0,0,0,0,0,0,0,0,0,0,0,0,0,0,0,0,0,0,0,0,0,0,0,0,0,0,0,0,0,0,0,0,0,3090,12854,18952,23415,25094,21004,20745,20123,19876,20455,21398,22974,25026,26775,32903,38608,42330,44869,49248,56158,61062,67191,72422,77896,83057,87006,81201,79574,79245,79793,81274,0,0,0,0,0,0,0,0,0,0,0,0,0,0,0,0,0,0,0,0,0,0,0,0,0,0,0,0,0,0
0,PrEP MSM,0,0,0,0,0,0,0,0,0,0,0,0,0,0,0,0,0,0,0,0,0,0,0,0,0,0,0,0,0,0,0,3057,11588,16443,17108,22390,24251,29054,28503,23119,22538,21204,21658,22760,24550,28030,31640,34172,36296,41090,44376,46708,49739,53240,56977,59003,61074,60336,61261,62143,62872,63779,64739,65674,66475,0,0,0,0,0,0,0,0,0,0,0,0,0,0,0,0,0,0,0,0,0,0,0,0,0,0,0,0,0,0
0,PrEP PWID,0,0,0,0,0,0,0,0,0,0,0,0,0,0,0,0,0,0,0,0,0,0,0,0,0,0,0,0,0,0,0,0,296,703,1084,1426,1526,1794,1823,1442,1368,1320,1354,1441,1546,1653,1754,1842,1918,1989,2055,2117,2174,2226,2274,2316,2355,2388,2418,2443,2464,2482,2497,2509,2519,0,0,0,0,0,0,0,0,0,0,0,0,0,0,0,0,0,0,0,0,0,0,0,0,0,0,0,0,0,0
0,PrEP total,0,0,0,0,0,0,0,0,0,0,0,0,0,0,0,0,0,0,0,0,0,0,0,0,0,0,0,0,0,0,0,10364,21705,34414,46354,103074,134867,167275,183538,170248,170157,161001,159183,165634,174665,187677,201777,210745,236325,259162,270308,274862,285646,305378,317623,332057,344048,354778,367187,376572,360478,356882,357363,360515,366231,0,0,0,0,0,0,0,0,0,0,0,0,0,0,0,0,0,0,0,0,0,0,0,0,0,0,0,0,0,0
0,LAPrEP FSW,0,0,0,0,0,0,0,0,0,0,0,0,0,0,0,0,0,0,0,0,0,0,0,0,0,0,0,0,0,0,0,0,0,0,0,0,0,0,0,0,4885,17091,14560,13771,13083,12212,11081,11821,12406,12958,13511,14076,14654,15241,15833,16431,17028,17621,18204,18773,19324,19856,20360,20832,21269,0,0,0,0,0,0,0,0,0,0,0,0,0,0,0,0,0,0,0,0,0,0,0,0,0,0,0,0,0,0
0,LAPrEP NonFSW,0,0,0,0,0,0,0,0,0,0,0,0,0,0,0,0,0,0,0,0,0,0,0,0,0,0,0,0,0,0,0,0,0,0,0,0,0,0,0,0,15911,62641,55558,51245,46934,42596,37555,38407,44376,48450,49318,48434,48991,51891,52572,54311,55446,57115,58946,60120,55243,53573,53012,53205,54130,0,0,0,0,0,0,0,0,0,0,0,0,0,0,0,0,0,0,0,0,0,0,0,0,0,0,0,0,0,0
0,LAPrEP men,0,0,0,0,0,0,0,0,0,0,0,0,0,0,0,0,0,0,0,0,0,0,0,0,0,0,0,0,0,0,0,0,0,0,0,0,0,0,0,0,3907,15475,13768,12605,11545,10618,9629,10302,12660,14857,16290,17267,18954,21615,23504,25865,27880,29990,31979,33501,31264,30637,30510,30721,31292,0,0,0,0,0,0,0,0,0,0,0,0,0,0,0,0,0,0,0,0,0,0,0,0,0,0,0,0,0,0
0,LAPrEP MSM,0,0,0,0,0,0,0,0,0,0,0,0,0,0,0,0,0,0,0,0,0,0,0,0,0,0,0,0,0,0,0,0,0,0,0,0,0,0,0,0,4295,16580,15249,14252,13461,13178,12394,13401,14246,16167,17488,18424,19644,21058,22573,23389,24222,23903,24263,24607,24888,25242,25619,25986,26298,0,0,0,0,0,0,0,0,0,0,0,0,0,0,0,0,0,0,0,0,0,0,0,0,0,0,0,0,0,0
0,LAPrEP PWID,0,0,0,0,0,0,0,0,0,0,0,0,0,0,0,0,0,0,0,0,0,0,0,0,0,0,0,0,0,0,0,0,0,0,0,0,0,0,0,0,259,1025,947,896,841,770,680,714,744,771,797,821,843,863,882,898,913,926,937,947,955,962,968,973,977,0,0,0,0,0,0,0,0,0,0,0,0,0,0,0,0,0,0,0,0,0,0,0,0,0,0,0,0,0,0
0,LAPrEP Total,0,0,0,0,0,0,0,0,0,0,0,0,0,0,0,0,0,0,0,0,0,0,0,0,0,0,0,0,0,0,0,0,0,0,0,0,0,0,0,0,29257,112811,100082,92769,85865,79373,71340,74645,84433,93204,97404,99022,103086,110668,115364,120894,125490,129555,134330,137948,131675,130271,130469,131717,133966,0,0,0,0,0,0,0,0,0,0,0,0,0,0,0,0,0,0,0,0,0,0,0,0,0,0,0,0,0,0
0,Women using the vaginal ring,0,0,0,0,0,0,0,0,0,0,0,0,0,0,0,0,0,0,0,0,0,0,0,0,0,0,0,0,0,0,0,0,0,0,0,0,0,0,0,0,0,0,0,0,0,0,0,0,0,0,0,0,0,0,0,0,0,0,0,0,0,0,0,0,0,0,0,0,0,0,0,0,0,0,0,0,0,0,0,0,0,0,0,0,0,0,0,0,0,0,0,0,0,0,0
0,Total number of births to mothers on ART,0,0,0,0,0,0,0,0,0,0,0,0,0,0,0,0,68,223,385,631,1587,3503,6219,9800,13096,19453,28392,35957,48945,63007,67669,66771,66708,67518,68130,66777,65639,61994,59276,56586,53892,51682,49767,48064,46484,44924,43361,41818,40310,38811,37330,35852,34346,32816,31240,29644,27959,26245,24553,22916,21341,19814,18367,17012,15766,14630,0,0,0,0,0,0,0,0,0,0,0,0,0,0,0,0,0,0,0,0,0,0,0,0,0,0,0,0,65
0,PMTCT (mother not on any ART),0,65,140,343,766,1486,2555,4224,6602,9649,13278,17285,21212,24330,28168,31937,34920,37616,37871,40458,43342,44422,43947,44185,41997,37048,31373,29209,19123,10092,4177,2954,1923,1557,1251,891,554,1250,1406,1479,1475,1403,1297,1166,1035,948,886,836,793,753,715,677,641,606,572,539,508,478,450,424,400,378,357,339,322,307,0,0,0,0,0,0,0,0,0,0,0,0,0,0,0,0,0,0,0,0,0,0,0,0,0,0,0,0,0
0,PMTCT (mother not on lifelong ART),0,0,0,0,0,0,0,0,0,0,0,0,0,0,0,0,0,0,0,0,0,0,0,0,0,2840,5408,6262,2852,0,0,0,0,0,0,0,0,0,0,0,0,0,0,0,0,0,0,0,0,0,0,0,0,0,0,0,0,0,0,0,0,0,0,0,0,0,0,0,0,0,0,0,0,0,0,0,0,0,0,0,0,0,0,0,0,0,0,0,0,0,0,0,0,0,0
0,Testing at birth,0,0,0,0,0,0,0,0,0,0,0,0,0,0,0,0,0,0,0,0,0,0,0,0,0,0,0,0,0,0,51226,62752,61768,62167,62443,60901,59573,56920,54613,52259,49831,47776,45957,44306,42767,41285,39822,38389,36993,35608,34240,32876,31488,30080,28631,27165,25620,24051,22503,21006,19567,18172,16852,15616,14479,13444,0,0,0,0,0,0,0,0,0,0,0,0,0,0,0,0,0,0,0,0,0,0,0,0,0,0,0,0,0
0,Testing at 10 weeks,0,0,0,0,0,0,0,0,0,0,0,0,0,0,0,0,0,0,0,641,2628,6125,14372,23894,27293,35149,39529,51767,63126,67251,66099,55780,54905,55260,55505,54134,52954,50595,48545,46452,44294,42468,40850,39383,38015,36697,35398,34123,32882,31652,30436,29223,27990,26738,25449,24147,22774,21379,20003,18672,17393,16153,14980,13881,12871,11950,0,0,0,0,0,0,0,0,0,0,0,0,0,0,0,0,0,0,0,0,0,0,0,0,0,0,0,0,0
0,Testing at 6 months,0,0,0,0,0,0,0,0,0,0,0,0,0,0,0,0,0,0,0,0,0,0,0,0,0,0,0,0,0,0,0,0,0,0,6980,23948,29687,31356,30086,28789,27451,26319,25317,24408,23560,22743,21938,21148,20379,19616,18863,18111,17347,16571,15772,14965,14114,13249,12397,11572,10779,10011,9284,8603,7977,7406,0,0,0,0,0,0,0,0,0,0,0,0,0,0,0,0,0,0,0,0,0,0,0,0,0,0,0,0,0
0,Infant PCR tests total,0,0,0,0,0,0,0,0,0,0,0,0,0,0,0,0,0,0,0,641,2628,6125,14372,23894,27293,35149,39529,51767,63126,67251,117325,118532,116672,117427,124928,138983,142215,138871,133245,127500,121576,116563,112124,108098,104343,100725,97158,93660,90254,86876,83538,80210,76824,73388,69852,66277,62508,58679,54903,51250,47739,44337,41115,38100,35327,32800,0,0,0,0,0,0,0,0,0,0,0,0,0,0,0,0,0,0,0,0,0,0,0,0,0,0,0,0,16522
0,Combination prevention package service provision through outreach to CSW,0,16522,16968,17418,17860,18283,18675,19021,20274,21538,22802,24058,25297,26168,27012,27827,28616,29394,30133,30844,31536,32270,33086,35162,36709,39114,40998,43107,44862,46679,48517,50387,52272,54152,56024,57900,59751,61161,62647,64001,65149,66497,67880,69279,70681,72060,73447,74857,76306,77798,79342,80944,82603,84315,86070,87855,89652,91444,93209,94928,96580,98148,99616,100975,102214,0,0,0,0,0,0,0,0,0,0,0,0,0,0,0,0,0,0,0,0,0,0,0,0,0,0,0,0,0,0
0,U=U messaging to men,0,0,0,0,0,0,0,0,0,0,0,0,0,0,0,0,0,0,0,0,0,0,0,0,0,0,0,0,0,0,0,0,0,0,0,0,0,0,0,0,0,0,0,0,0,0,0,0,0,0,0,0,0,0,0,0,0,0,0,0,0,0,0,0,0,0,0,0,0,0,0,0,0,0,0,0,0,0,0,0,0,0,0,0,0,0,0,0,0,0,0,0,0,0,0
0,ST distributed (fixed point),0,0,0,0,0,0,0,0,0,0,0,0,0,0,0,0,0,0,0,0,0,0,0,0,0,0,0,0,0,0,0,0,852,6221,5661,18959,19211,19528,19900,20315,20695,20966,21269,21686,22158,22663,23180,23687,24131,24534,24923,25302,25653,25962,26244,26502,26737,26952,27148,27330,27527,27718,27893,28057,28212,0,0,0,0,0,0,0,0,0,0,0,0,0,0,0,0,0,0,0,0,0,0,0,0,0,0,0,0,0,0
0,ST distributed (taxi),0,0,0,0,0,0,0,0,0,0,0,0,0,0,0,0,0,0,0,0,0,0,0,0,0,0,0,0,0,0,0,0,542,3388,3084,46511,46914,47330,47756,48201,48591,48882,49227,49717,50314,51005,51784,52633,53492,54345,55198,56048,56860,57608,58287,58896,59425,59878,60244,60519,60723,60850,60902,60892,60829,0,0,0,0,0,0,0,0,0,0,0,0,0,0,0,0,0,0,0,0,0,0,0,0,0,0,0,0,0,0
0,ST distributed (ANC),0,0,0,0,0,0,0,0,0,0,0,0,0,0,0,0,0,0,0,0,0,0,0,0,0,0,0,0,0,0,0,0,154162,223626,73623,1677,1687,1740,1755,1771,1784,1793,1803,1816,1832,1852,1875,1899,1922,1944,1965,1987,2007,2026,2042,2055,2066,2074,2080,2082,2081,2078,2071,2063,2053,0,0,0,0,0,0,0,0,0,0,0,0,0,0,0,0,0,0,0,0,0,0,0,0,0,0,0,0,0,0
0,ST distributed (index),0,0,0,0,0,0,0,0,0,0,0,0,0,0,0,0,0,0,0,0,0,0,0,0,0,0,0,0,0,0,0,0,38855,66157,37684,987,1044,880,877,874,890,925,961,997,1033,1049,1062,1071,1078,1082,1084,1086,1086,1084,1081,1077,1072,1066,1060,1052,1044,1035,1025,1014,1002,0,0,0,0,0,0,0,0,0,0,0,0,0,0,0,0,0,0,0,0,0,0,0,0,0,0,0,0,0,0
0,ST distributed (workplace),0,0,0,0,0,0,0,0,0,0,0,0,0,0,0,0,0,0,0,0,0,0,0,0,0,0,0,0,0,0,0,0,55013,94494,47680,39460,39951,40481,40976,41490,41962,42321,42723,43204,43767,44406,45121,45904,46670,47469,48253,49023,49771,50489,51226,51892,52478,53001,53479,53925,54322,54660,54931,55157,55347,0,0,0,0,0,0,0,0,0,0,0,0,0,0,0,0,0,0,0,0,0,0,0,0,0,0,0,0,0,0
0,ST distributed (PHC),0,0,0,0,0,0,0,0,0,0,0,0,0,0,0,0,0,0,0,0,0,0,0,0,0,0,0,0,0,0,0,0,0,0,0,0,0,0,0,0,0,0,0,0,0,0,0,0,0,0,0,0,0,0,0,0,0,0,0,0,0,0,0,0,0,0,0,0,0,0,0,0,0,0,0,0,0,0,0,0,0,0,0,0,0,0,0,0,0,0,0,0,0,0,0
0,ST distributed Total,0,0,0,0,0,0,0,0,0,0,0,0,0,0,0,0,0,0,0,0,0,0,0,0,0,0,0,0,0,0,0,0,249424,393886,167732,107594,108807,109959,111264,112651,113922,114887,115983,117420,119104,120975,123022,125194,127293,129374,131423,133446,135377,137169,138880,140422,141778,142971,144011,144908,145697,146341,146822,147183,147443,0,0,0,0,0,0,0,0,0,0,0,0,0,0,0,0,0,0,0,0,0,0,0,0,0,0,0,0,0,2
0,TotalHIVtests (public only),0,2,6,17,42,93,180,34155,68332,102529,136705,170818,204839,238911,272915,306850,340638,374431,408171,429569,450484,467508,559378,643593,655617,1522382,2450170,2273643,1868343,1275084,1891182,2973637,2893608,3026896,3151867,4829787,3206776,4416374,4646768,4762756,4675485,4573849,4743437,4942183,5064302,5169301,5272867,5374879,5482096,5612910,5755608,5884477,5992347,6093228,6200637,6302012,6395699,6481682,6558187,6630232,6696621,6729834,6753216,6783754,6819828,6860936,0,0,0,0,0,0,0,0,0,0,0,0,0,0,0,0,0,0,0,0,0,0,0,0,0,0,0,0,2
0,TotalHIVtests,0,2,6,18,45,98,191,36258,72540,108842,145122,181335,217451,253622,289719,325743,361611,397485,433302,456018,478221,496293,593819,683220,695984,1616117,2601030,2413634,1983379,1353592,2007624,3156728,3071770,3213265,3345931,5127162,3404221,4688295,4932874,5056004,4963359,4855466,5035496,5246479,5376117,5487580,5597523,5705816,5819635,5958503,6109988,6246791,6361303,6468395,6582417,6690034,6789489,6880767,6961982,7038462,7108940,7144198,7169019,7201438,7239732,7283372,0,0,0,0,0,0,0,0,0,0,0,0,0,0,0,0,0,0,0,0,0,0,0,0,0,0,0,0,0
0,Positive HIV tests,0,0,0,0,0,0,0,969,2557,5167,9008,14177,20616,28055,36186,44644,53736,62546,70888,77003,86621,104472,130833,150550,147125,268602,357227,296074,228277,158276,203176,252678,199294,184842,165106,191108,104249,150513,152812,167863,170065,167538,165009,157837,147792,138439,131407,125972,121616,117944,114665,111564,108570,105720,103038,100467,98005,95654,93404,91266,89229,87200,85258,83449,81759,80177,0,0,0,0,0,0,0,0,0,0,0,0,0,0,0,0,0,0,0,0,0,0,0,0,0,0,0,0,0
0,General HCT (negative),0,0,0,0,0,0,0,0,0,0,0,0,7997,19542,28596,37092,45993,54418,65737,69459,70690,69385,92582,113186,119160,382376,680007,634984,512033,320842,530693,910453,895678,943809,986990,1579247,994884,1387360,1443428,1453618,1410119,1350722,1336578,1348048,1376959,1411858,1448531,1487406,1526500,1560203,1595009,1628715,1660732,1689497,1714594,1739116,1760809,1780338,1797137,1811309,1823667,1839576,1855160,1868372,1879785,1889668,0,0,0,0,0,0,0,0,0,0,0,0,0,0,0,0,0,0,0,0,0,0,0,0,0,0,0,0,1
0,General HCT (positive),0,1,1,5,13,29,59,263,720,1499,2683,4317,6402,8767,11365,14074,16330,18448,20525,21621,23280,28563,36591,42390,41932,81377,111726,92894,71309,48685,63819,80496,62760,58106,51451,58826,30855,45032,45262,49657,50000,48837,47219,44413,41091,38052,35754,34004,32612,31386,30342,29353,28391,27456,26548,25696,24863,24061,23281,22523,21794,21129,20499,19892,19305,18741,0,0,0,0,0,0,0,0,0,0,0,0,0,0,0,0,0,0,0,0,0,0,0,0,0,0,0,0,0
0,Adolescent testing (negative),0,0,0,0,0,0,1,6821,13383,19222,24071,27928,30991,35343,39659,44034,47894,52070,56527,59436,60877,60211,68364,76411,75886,186092,293180,266076,215946,140440,203138,313652,310841,319519,331817,517278,349183,502375,546325,591947,612616,622513,666037,700532,721441,741789,761919,776835,787238,795591,791913,788444,788270,790093,791180,788184,787210,787096,789932,795231,802265,805659,809089,814152,820613,828383,0,0,0,0,0,0,0,0,0,0,0,0,0,0,0,0,0,0,0,0,0,0,0,0,0,0,0,0,0
0,Adolescent testing (positive),0,0,0,1,3,6,11,143,446,976,1730,2632,3567,4610,5577,6419,7183,7742,8157,8246,8312,8303,9396,10533,10363,21269,29898,25124,20118,13731,17755,22582,18028,15824,13843,15794,8743,13994,17268,21041,22418,21676,19661,16985,14508,12569,11260,10249,9357,8447,7505,6721,6078,5543,5063,4629,4296,4046,3830,3634,3452,3301,3179,3081,3002,2935,0,0,0,0,0,0,0,0,0,0,0,0,0,0,0,0,0,0,0,0,0,0,0,0,0,0,0,0,143869
0,ANC testing (negative),0,143869,141593,138848,135643,132006,128181,130736,133904,135740,136332,135717,134953,129473,129589,130797,130866,132218,126660,131043,139504,145493,149188,157231,157618,160379,169901,184528,190846,204609,202015,196883,195548,198906,203410,203463,205860,208560,211708,214928,218210,221652,225369,229446,233951,238857,244059,249475,255070,260577,265936,271059,275851,280233,284155,287582,290490,292862,294690,295987,296798,297194,297241,297017,296603,296071,0,0,0,0,0,0,0,0,0,0,0,0,0,0,0,0,0,0,0,0,0,0,0,0,0,0,0,0,0
0,ANC testing (positive),0,0,0,0,0,0,0,0,0,0,0,0,0,0,0,0,1672,3447,4953,7100,10881,12817,15051,17173,15972,15608,12684,10197,8673,8661,8032,6499,5242,4532,3971,3175,2732,2619,2591,2647,2744,2788,2711,2528,2336,2171,2046,1946,1857,1769,1677,1586,1500,1418,1341,1269,1203,1142,1086,1035,988,946,909,876,847,820,0,0,0,0,0,0,0,0,0,0,0,0,0,0,0,0,0,0,0,0,0,0,0,0,0,0,0,0,0
0,PITC (negative),0,0,0,0,0,0,0,0,0,0,0,0,2751,6721,9835,12758,15819,18717,22609,23890,24313,23864,31843,38929,40984,131513,233881,218396,176108,110350,182526,313140,308058,324612,339464,543164,342179,477166,496451,499955,484994,464566,459700,463646,473589,485592,498205,511576,525022,536613,548585,560177,571190,581082,589715,598148,605609,612327,618104,622979,627229,632700,638061,642605,646530,649929,0,0,0,0,0,0,0,0,0,0,0,0,0,0,0,0,0,0,0,0,0,0,0,0,0,0,0,0,0
0,PITC (positive),0,0,1,2,5,10,20,91,247,514,920,1481,2195,3007,3897,4826,5604,6337,7053,7434,8014,9832,12590,14585,14425,27951,38350,31885,24479,16720,21908,27623,21538,19939,17655,20182,10589,15451,15529,17037,17155,16756,16201,15238,14098,13056,12267,11667,11189,10769,10410,10071,9741,9419,9108,8815,8530,8255,7987,7727,7477,7248,7032,6824,6623,6430,0,0,0,0,0,0,0,0,0,0,0,0,0,0,0,0,0,0,0,0,0,0,0,0,0,0,0,0,0
0,Mobile testing (negative),0,0,0,0,0,0,0,0,0,0,0,0,5894,14403,21076,27338,33898,40108,48449,51192,52100,51138,68234,83419,87822,281815,501173,467990,377374,236464,391126,671014,660124,695598,727422,1163923,733240,1022499,1063823,1071332,1039272,995498,985072,993526,1014834,1040555,1067583,1096234,1125047,1149886,1175539,1200380,1223978,1245176,1263675,1281746,1297735,1312128,1324509,1334955,1344063,1355786,1367273,1377011,1385421,1392705,0,0,0,0,0,0,0,0,0,0,0,0,0,0,0,0,0,0,0,0,0,0,0,0,0,0,0,0,1
0,Mobile testing (positive),0,1,1,4,10,22,43,194,529,1102,1971,3173,4704,6443,8351,10342,12009,13579,15113,15931,17173,21068,26979,31254,30911,59896,82179,68325,52454,35829,46946,59193,46152,42727,37833,43248,22691,33109,33277,36507,36760,35905,34716,32652,30210,27977,26287,25000,23976,23076,22307,21581,20873,20184,19517,18890,18278,17688,17114,16558,16022,15532,15070,14623,14192,13778,0,0,0,0,0,0,0,0,0,0,0,0,0,0,0,0,0,0,0,0,0,0,0,0,0,0,0,0,0
0,Home based testing (negative),0,0,0,0,0,0,0,0,0,0,0,0,2844,6948,10167,13188,16353,19349,23373,24696,25134,24670,32917,40243,42367,135952,241775,225767,182052,114074,188686,323709,318455,335569,350921,561497,353728,493272,513207,516830,501363,480246,475216,479295,489574,501982,515021,528843,542743,554725,567101,579085,590469,600695,609619,618337,626050,632994,638967,644006,648400,654055,659597,664294,668352,671866,0,0,0,0,0,0,0,0,0,0,0,0,0,0,0,0,0,0,0,0,0,0,0,0,0,0,0,0,0
0,Home based testing (positive),0,0,1,2,5,11,21,94,255,531,951,1531,2269,3108,4029,4989,5793,6551,7291,7685,8285,10163,13015,15078,14912,28895,39645,32961,25305,17284,22648,28556,22265,20612,18251,20863,10946,15972,16053,17612,17734,17321,16747,15752,14574,13496,12681,12060,11566,11132,10761,10411,10070,9737,9415,9113,8818,8533,8256,7988,7729,7493,7270,7054,6847,6647,0,0,0,0,0,0,0,0,0,0,0,0,0,0,0,0,0,0,0,0,0,0,0,0,0,0,0,0,0
0,Partner notification (negative),0,0,0,0,0,0,0,0,0,0,0,0,162,395,578,750,929,1100,1328,1404,1428,1402,1871,2287,2408,7726,13740,12831,10346,6483,10723,18397,18098,19071,19943,31911,20103,28033,29166,29372,28493,27293,27007,27239,27823,28528,29269,30055,30845,31526,32229,32910,33557,34138,34646,35141,35579,35974,36313,36600,36850,37171,37486,37753,37983,38183,0,0,0,0,0,0,0,0,0,0,0,0,0,0,0,0,0,0,0,0,0,0,0,0,0,0,0,0,0
0,Partner notification (positive),0,0,0,0,0,1,1,5,12,26,46,74,110,151,196,243,295,347,395,432,492,599,756,874,856,1533,2031,1686,1301,911,1167,1441,1125,1039,920,1040,555,798,802,878,885,865,836,786,728,674,633,602,577,556,537,519,502,485,469,453,438,424,410,397,384,372,361,350,340,330,0,0,0,0,0,0,0,0,0,0,0,0,0,0,0,0,0,0,0,0,0,0,0,0,0,0,0,0,0
0,Rapid HIV tests in U15 (negative),0,0,0,0,0,0,11379,21050,29362,36639,43169,49176,55918,62664,69092,72843,76132,78075,78048,74638,69802,66490,58739,60008,113917,87005,80124,73342,62044,80469,118043,226221,206248,198113,262609,274002,398066,449738,486962,522379,510546,515323,519519,523586,525062,527319,531137,536076,541289,546066,551378,556804,562644,568671,574793,580731,586374,591606,596335,600480,603891,606693,608887,610438,611379,0,0,0,0,0,0,0,0,0,0,0,0,0,0,0,0,0,0,0,0,0,0,0,0,0,0,0,0,0,0
0,Rapid HIV tests in U15 (positive),0,0,0,0,0,0,99,224,389,615,916,1296,1754,2297,2870,3405,3954,4428,4774,4906,5012,5161,5146,5540,7410,5190,4650,3993,3240,3966,4405,5226,4154,3608,3920,3322,4034,3965,3917,3833,3523,3353,3185,3030,2879,2767,2687,2633,2594,2559,2534,2515,2494,2471,2449,2427,2407,2389,2372,2356,2339,2323,2306,2289,2271,0,0,0,0,0,0,0,0,0,0,0,0,0,0,0,0,0,0,0,0,0,0,0,0,0,0,0,0,0,0
0,Adolescent (15-19) testing coverage x1000,0,0,0,0,0,0,11,21,30,39,47,54,60,65,70,74,77,80,82,82,80,90,95,93,219,343,310,252,168,249,384,376,385,395,602,393,545,562,573,560,543,558,569,568,562,559,559,560,562,562,561,560,560,560,559,559,559,560,562,564,563,560,558,556,555,-9223372036854775808,0,0,0,0,0,0,0,0,0,0,0,0,0,0,0,0,0,0,0,0,0,0,0,0,0,0,0,0,5231
0,Post-Exposure Prophylaxis (PEP),0,5231,5273,5309,5339,5364,5461,5659,5859,6061,6263,6465,6744,7017,7288,7559,7826,8049,8262,8473,8688,8910,9523,9804,10255,10546,10850,11104,11368,11651,11933,12209,12484,12764,13048,13334,13587,13851,14131,14408,14676,14946,15217,15490,15765,16041,16318,16596,16869,17137,17401,17660,17914,18163,18406,18643,18873,19097,19314,19523,19725,19919,20105,20283,20453,0,0,0,0,0,0,0,0,0,0,0,0,0,0,0,0,0,0,0,0,0,0,0,0,0,0,0,0,0,0
0,Inpatient care (ART; <200 cells/microl),0,0,0,0,0,0,0,0,0,0,0,0,0,0,0,0,911,1411,1908,2480,7330,13719,20528,26169,31186,34229,38539,40834,38407,36282,34849,33838,32651,32092,31684,31551,31384,24854,26678,39366,36833,33827,31985,31727,31601,30640,29881,29313,28838,28410,28004,27609,27218,26826,26428,26021,25603,25173,24730,24274,23805,23323,22830,22326,21811,0,0,0,0,0,0,0,0,0,0,0,0,0,0,0,0,0,0,0,0,0,0,0,0,0,0,0,0,0,0
0,Inpatient care (ART; 200-349 cells/microl),0,0,0,0,0,0,0,0,0,0,0,0,0,0,0,0,700,1515,2399,3376,8467,18460,33326,49268,66056,80473,101188,137240,145148,145760,147677,149071,147080,147302,147968,150113,150010,123283,127364,155310,148845,144361,143300,145804,148280,146993,145566,144250,143009,141762,140468,139110,137690,136195,134620,132961,131217,129387,127472,125474,123396,121242,119017,116722,114362,0,0,0,0,0,0,0,0,0,0,0,0,0,0,0,0,0,0,0,0,0,0,0,0,0,0,0,0,0,0
0,Inpatient care (ART; 350-500 cells/microl),0,0,0,0,0,0,0,0,0,0,0,0,0,0,0,0,209,753,1438,2241,4550,10675,22284,37642,56463,75753,102409,153564,192292,211909,238284,261455,269132,274179,278969,288210,288638,237472,233892,241652,243849,251478,260929,271572,280851,282768,282723,282029,281203,280195,278977,277542,275920,274093,272059,269819,267375,264729,261887,258856,255641,252251,248692,244970,241089,0,0,0,0,0,0,0,0,0,0,0,0,0,0,0,0,0,0,0,0,0,0,0,0,0,0,0,0,0,0
0,Inpatient care (ART; >500 cells/microl),0,0,0,0,0,0,0,0,0,0,0,0,0,0,0,0,21,343,953,1858,3310,7488,17640,35129,61013,91662,127742,173188,242507,318178,402954,494043,613842,719118,811295,911945,994359,862631,854756,803176,834588,889663,943904,994046,1043181,1075457,1102477,1124589,1142561,1157279,1169293,1179033,1187016,1193334,1198103,1201422,1203363,1203992,1203369,1201558,1198614,1194591,1189535,1183484,1176469,0,0,0,0,0,0,0,0,0,0,0,0,0,0,0,0,0,0,0,0,0,0,0,0,0,0,0,0,0,2
0,Inpatient care (pre-ART; <200 cells/microl),0,2,14,51,149,385,904,1957,3834,6897,11553,18219,27046,38370,52272,68639,85472,104211,124439,145608,157479,159827,159305,150104,141353,131614,115260,91478,73439,60160,50559,42732,37232,32154,27511,22578,19141,31293,40823,52417,49494,43392,36655,29867,23337,19522,16949,15113,13747,12709,11907,11280,10782,10378,10043,9758,9508,9284,9080,8890,8712,8543,8379,8221,8066,0,0,0,0,0,0,0,0,0,0,0,0,0,0,0,0,0,0,0,0,0,0,0,0,0,0,0,0,0,23
0,Inpatient care (pre-ART; 200-349 cells/microl),0,23,91,256,667,1568,3326,6491,11516,18904,29106,42451,58639,77639,98897,121595,144622,166893,187844,206784,222610,235220,253437,261644,270825,272132,260630,203091,162752,141043,123252,103951,89656,76414,63921,50356,41842,66420,73914,87704,87060,80751,72977,64408,55502,50306,46387,43373,41021,39158,37653,36410,35360,34446,33631,32887,32195,31542,30918,30319,29738,29171,28614,28063,27518,0,0,0,0,0,0,0,0,0,0,0,0,0,0,0,0,0,0,0,0,0,0,0,0,0,0,0,0,0,128
0,Inpatient care (pre-ART; 350-500 cells/microl),0,128,321,824,2007,4275,8120,14268,23044,34765,49534,67129,86585,107178,127787,147293,164729,179103,190586,199186,205216,209361,221027,225191,231729,233820,235047,233962,229627,222149,188841,149670,128012,107898,89338,67629,54764,97312,103844,113182,114239,108658,101322,92640,83209,78332,74388,71257,68781,66772,65076,63590,62254,61026,59878,58789,57747,56743,55772,54828,53907,52999,52102,51211,50323,0,0,0,0,0,0,0,0,0,0,0,0,0,0,0,0,0,0,0,0,0,0,0,0,0,0,0,0,0,0
0,Inpatient care (pre-ART; >500 cells/microl),0,0,0,0,0,0,0,0,0,0,0,0,0,0,0,0,2,53,175,371,570,1075,2295,4318,7058,10833,14817,19123,27574,35177,43858,54380,67305,78101,83119,78599,54950,206901,207047,193141,186115,170354,158536,149240,142083,147067,151225,154423,156768,158469,159668,160476,161004,161298,161396,161328,161118,160779,160322,159751,159076,158294,157402,156401,155293,0,0,0,0,0,0,0,0,0,0,0,0,0,0,0,0,0,0,0,0,0,0,0,0,0,0,0,0,0,0
0,RetentionIntervention,0,0,0,0,0,0,0,0,0,0,0,0,0,0,0,0,0,0,0,0,0,0,0,0,0,0,0,0,0,0,0,0,0,0,0,0,0,0,0,0,0,0,0,0,0,0,0,0,0,0,0,0,0,0,0,0,0,0,0,0,0,0,0,0,0,0,0,0,0,0,0,0,0,0,0,0,0,0,0,0,0,0,0,0,0,0,0,0,0,0,0,0,0,0,0
0,ART Adults (1st line 1st year),0,0,0,0,0,0,0,0,0,0,0,0,0,0,0,0,1978,2559,3234,3988,15087,29712,45187,60048,69167,75242,95383,145810,130199,106197,123504,127813,136833,118666,98378,98838,50301,0,0,0,16971,33928,47460,55217,56851,47011,40257,35451,31933,29266,27178,25488,24082,22888,21855,20946,20138,19415,18766,18180,17649,17167,16729,16330,15965,15629,0,0,0,0,0,0,0,0,0,0,0,0,0,0,0,0,0,0,0,0,0,0,0,0,0,0,0,0,0
0,ART Adults (1st line followup),0,0,0,0,0,0,0,0,0,0,0,0,0,0,0,0,-244,1200,2977,5177,6806,16893,41378,76100,126866,180533,238213,308892,424577,529091,608670,703782,803230,916058,1018558,1113358,1229424,1083445,1073217,1066598,1069151,1099379,1139474,1189671,1245598,1289222,1324694,1354116,1377291,1395929,1410554,1421641,1428923,1427204,1423923,1419233,1415417,1412046,1408850,1405620,1401998,1396593,1389595,1381131,1371291,-15629,0,0,0,0,0,0,0,0,0,0,0,0,0,0,0,0,0,0,0,0,0,0,0,0,0,0,0,0,0
0,ART Adults (2nd line followup),0,0,0,0,0,0,0,0,0,0,0,0,0,0,0,0,0,31,99,213,392,818,1774,3464,6231,9979,14829,20843,27713,35538,43811,52384,61005,69950,79325,89476,99731,92397,97396,101014,104674,109500,113137,114559,114237,110546,105178,98964,93842,89207,85239,82013,80424,85790,90822,95492,97605,97671,96030,92973,88925,85347,82106,79126,76359,0,0,0,0,0,0,0,0,0,0,0,0,0,0,0,0,0,0,0,0,0,0,0,0,0,0,0,0,0,0
0,ART Paeds Neonates,0,0,0,0,0,0,0,0,0,0,0,0,0,0,0,0,39,54,57,81,334,618,776,936,1278,1794,1590,1317,1271,1217,950,743,314,252,219,190,129,166,198,227,249,259,263,258,236,219,206,196,187,178,170,161,154,146,138,131,123,116,109,102,96,90,85,80,75,71,0,0,0,0,0,0,0,0,0,0,0,0,0,0,0,0,0,0,0,0,0,0,0,0,0,0,0,0,0
0,ART Paeds Kids <1,0,0,0,0,0,0,0,0,0,0,0,0,0,0,0,0,39,54,57,81,334,618,776,936,1278,1794,1590,1317,1271,1217,950,743,314,252,219,190,129,166,198,227,249,259,263,258,236,219,206,196,187,178,170,161,154,146,138,131,123,116,109,102,96,90,85,80,75,71,0,0,0,0,0,0,0,0,0,0,0,0,0,0,0,0,0,0,0,0,0,0,0,0,0,0,0,0,0
0,ART Paeds Kids 1-2 (1st year),0,0,0,0,0,0,0,0,0,0,0,0,0,0,0,0,43,57,63,83,399,691,779,993,1153,1524,890,588,978,621,701,674,490,370,321,313,262,241,236,298,340,362,371,363,332,305,283,267,255,243,232,221,210,199,189,179,170,161,153,144,137,130,123,118,112,107,0,0,0,0,0,0,0,0,0,0,0,0,0,0,0,0,0,0,0,0,0,0,0,0,0,0,0,0,0
0,ART Paeds Kids 1-2 (followup),0,0,0,0,0,0,0,0,0,0,0,0,0,0,0,0,3,38,58,68,78,345,814,1040,1327,1876,2603,2441,2082,2228,2154,1868,1471,1189,967,850,741,587,650,806,841,844,824,789,744,684,632,595,565,538,514,490,467,445,423,401,380,358,337,316,297,278,261,245,230,0,0,0,0,0,0,0,0,0,0,0,0,0,0,0,0,0,0,0,0,0,0,0,0,0,0,0,0,0,0
0,ART Paeds Kids 3-5 (1st year),0,0,0,0,0,0,0,0,0,0,0,0,0,0,0,0,48,62,72,91,557,923,859,1033,1231,1857,1347,1230,1866,871,569,459,410,306,264,261,170,187,162,172,195,218,245,262,242,223,204,188,174,164,155,148,141,134,128,121,115,109,104,99,94,89,84,80,76,73,0,0,0,0,0,0,0,0,0,0,0,0,0,0,0,0,0,0,0,0,0,0,0,0,0,0,0,0,0
0,ART Paeds Kids 3-5 (followup),0,0,0,0,0,0,0,0,0,0,0,0,0,0,0,0,1,46,110,179,207,612,1500,2217,3203,4121,5382,6152,6271,6780,5794,5325,5154,4718,3989,3085,2592,2194,1947,1686,1696,1879,2188,2304,2330,2260,2128,1972,1827,1708,1617,1541,1469,1401,1334,1269,1206,1145,1085,1027,970,916,864,815,769,0,0,0,0,0,0,0,0,0,0,0,0,0,0,0,0,0,0,0,0,0,0,0,0,0,0,0,0,0,0
0,ART Paeds Kids 6-9 (1st year),0,0,0,0,0,0,0,0,0,0,0,0,0,0,0,0,34,48,62,82,582,1021,933,1112,1281,1811,1263,1165,1011,862,1063,1027,768,427,323,307,210,236,203,224,241,234,220,202,173,158,151,144,136,126,117,108,101,95,91,86,82,78,74,71,67,64,60,57,54,52,0,0,0,0,0,0,0,0,0,0,0,0,0,0,0,0,0,0,0,0,0,0,0,0,0,0,0,0,0
0,ART Paeds Kids 6-9 (followup),0,0,0,0,0,0,0,0,0,0,0,0,0,0,0,0,4,46,108,185,275,907,2096,2992,4067,5197,7009,8523,10074,11386,12486,12565,11908,10769,9141,8348,7588,6706,5666,4569,3924,3436,3125,3117,3264,3532,3860,3916,3826,3637,3396,3154,2941,2767,2626,2502,2385,2272,2162,2055,1952,1852,1755,1660,1570,0,0,0,0,0,0,0,0,0,0,0,0,0,0,0,0,0,0,0,0,0,0,0,0,0,0,0,0,0,0
0,ART Paeds Kids 10-14 (1st year),0,0,0,0,0,0,0,0,0,0,0,0,0,0,0,0,7,11,18,27,237,470,462,616,782,1118,916,915,974,987,1034,1031,343,419,420,379,-18,24,23,141,219,271,291,279,209,160,125,102,89,82,79,78,75,71,66,61,57,54,51,49,47,44,42,40,38,36,0,0,0,0,0,0,0,0,0,0,0,0,0,0,0,0,0,0,0,0,0,0,0,0,0,0,0,0,0
0,ART Paeds Kids 10-14 (followup),0,0,0,0,0,0,0,0,0,0,0,0,0,0,0,0,2,17,45,93,194,615,1539,2467,3758,5283,7147,8653,10005,11456,12881,14494,16204,17300,18402,18352,17547,14262,12656,10979,9854,9081,8262,7330,6306,5516,4869,4666,4647,4750,4963,5204,5163,4972,4693,4383,4088,3831,3616,3436,3273,3118,2969,2823,2682,0,0,0,0,0,0,0,0,0,0,0,0,0,0,0,0,0,0,0,0,0,0,0,0,0,0,0,0,0,-9223372036854775808
0,Additional CD4 counts required,0,-9223372036854775808,-9223372036854775808,-9223372036854775808,-9223372036854775808,-9223372036854775808,-9223372036854775808,-9223372036854775808,-9223372036854775808,-9223372036854775808,-9223372036854775808,-9223372036854775808,-9223372036854775808,-9223372036854775808,-9223372036854775808,-9223372036854775808,2799,3913,5234,16889,34088,54302,77057,96532,116615,149416,178916,191787,206795,218769,241491,254620,262662,280229,297246,310262,236876,213416,209252,237373,251084,264481,277024,288327,292656,295838,298173,299677,300446,300631,300353,299698,298692,297402,295869,294128,292209,290131,287906,285536,283025,280364,277549,274579,271457,0,0,0,0,0,0,0,0,0,0,0,0,0,0,0,0,0,0,0,0,0,0,0,0,0,0,0,0,0,0
0,Incremental POCVL costs across all populations,0,0,0,0,0,0,0,0,0,0,0,0,0,0,0,0,0,0,0,0,0,0,0,0,0,0,0,0,0,0,0,0,0,0,0,0,0,0,0,0,0,0,0,0,0,0,0,0,0,0,0,0,0,0,0,0,0,0,0,0,0,0,0,0,0,0,0,0,0,0,0,0,0,0,0,0,0,0,0,0,0,0,0,0,0,0,0,0,0,0,0,0,0,0,17564
0,NewActiveTBadult,0,17564,18530,19471,20358,21142,21878,22877,25025,27624,30924,35135,40516,46752,54339,63448,73945,84784,95815,107025,117753,126429,133704,145119,154027,166001,174407,179784,179040,176021,171689,165560,158578,152239,146310,126198,78096,88549,102022,104951,111545,110966,109007,105961,102314,98243,94996,92951,91801,91289,91207,91408,91807,92344,92975,93672,94418,95184,95958,96737,97520,98306,99091,99870,100643,101409,0,0,0,0,0,0,0,0,0,0,0,0,0,0,0,0,0,0,0,0,0,0,0,0,0,0,0,0,1365
0,TotTBdeathsAdult,0,1365,1704,1936,2143,2328,2492,2691,3017,3468,4088,4928,6056,7495,9283,11525,14286,17410,20669,23981,27418,30146,31917,34252,36058,38529,40415,41038,39997,39040,37954,36205,34278,32539,30904,29122,23611,20376,20789,22427,24819,24533,23960,22855,21462,19958,18442,17502,16945,16636,16490,16453,16493,16588,16720,16880,17058,17249,17446,17647,17850,18052,18253,18452,18648,18840,0,0,0,0,0,0,0,0,0,0,0,0,0,0,0,0,0,0,0,0,0,0,0,0,0,0,0,0,53228
0,AdultLYlostTB,0,53228,62241,68712,75174,81393,87364,95229,108727,127502,153330,188369,235474,296117,371746,466855,584073,716761,852567,989543,1130089,1238430,1304610,1398808,1469724,1566288,1636620,1650545,1589685,1534835,1475997,1388298,1293484,1207627,1126483,1040767,825609,703375,713053,764188,836601,818970,792744,748034,692697,634183,576806,538802,513799,497235,486214,478907,474185,471272,469642,468919,468844,469222,469901,470785,471814,472956,474188,475489,476838,478222,0,0,0,0,0,0,0,0,0,0,0,0,0,0,0,0,0,0,0,0,0,0,0,0,0,0,0,0,53415
0,LYlostAIDSTB,0,53415,63120,71175,81380,95322,115285,147270,201459,282024,395622,548481,745652,991930,1278984,1617974,1998214,2364258,2718213,3062831,3423389,3531645,3411237,3315081,3150803,3038607,2916854,2772818,2534897,2351977,2197400,2032537,1879440,1750649,1631360,1510295,1266852,1125595,1171290,1322761,1682992,1582428,1428892,1276703,1157180,1054309,969200,911449,872095,843937,823140,807282,794828,784715,776223,768850,762260,756211,750522,745085,739833,734731,729760,724900,720139,715469,0,0,0,0,0,0,0,0,0,0,0,0,0,0,0,0,0,0,0,0,0,0,0,0,0,0,0,0,60168
0,Adult TB DALYs,0,60168,71879,79798,87478,94678,101329,109789,124207,144028,171153,207884,257244,320874,400215,499957,622922,762192,904747,1048374,1195802,1310450,1381826,1483578,1560260,1664656,1742022,1762565,1705062,1652853,1595820,1507820,1411252,1322966,1239078,1150542,927047,787232,791894,844313,917389,900272,874215,828219,769913,707343,645484,604147,576981,559046,547197,539454,534580,531724,530305,529907,530240,531087,532276,533700,535293,537016,538843,540750,542713,544716,0,0,0,0,0,0,0,0,0,0,0,0,0,0,0,0,0,0,0,0,0,0,0,0,0,0,0,0,443
0,Adult TB incidence per 100 000,0,443,462,481,497,510,522,530,548,574,612,664,735,812,906,1016,1140,1258,1372,1482,1580,1647,1693,1722,1770,1819,1855,1857,1810,1745,1668,1577,1481,1394,1314,1112,674,750,846,851,885,862,829,789,746,700,662,635,615,600,589,580,573,568,563,560,557,554,552,550,548,546,545,544,543,541,0,0,0,0,0,0,0,0,0,0,0,0,0,0,0,0,0,0,0,0,0,0,0,0,0,0,0,0,34
0,Adult TB mortality rate per 100 000,0,34,42,47,52,56,59,62,66,72,80,93,109,130,154,184,220,258,296,332,368,392,404,406,414,422,429,423,404,387,368,344,320,297,277,256,203,172,172,182,197,190,182,170,156,142,128,119,113,109,106,104,103,102,101,100,100,100,100,100,100,100,100,100,100,100,0,0,0,0,0,0,0,0,0,0,0,0,0,0,0,0,0,0,0,0,0,0,0,0,0,0,0,0,21027
0,Total Adult TB Pop with prevalent TB,0,21027,29200,33577,37242,40155,42120,43777,46352,49217,52734,57306,63392,71470,81505,94027,109565,127399,145721,163765,182411,199592,213845,234647,250500,272143,291572,310154,320440,328723,334606,334931,331296,325651,319069,312177,290216,241927,227168,229954,231396,232491,233041,229936,222248,211393,199095,189789,183727,179900,177631,176493,176174,176465,177208,178281,179602,181103,182727,184442,186229,188070,189953,191874,193819,195784,0,0,0,0,0,0,0,0,0,0,0,0,0,0,0,0,0,0,0,0,0,0,0,0,0,0,0,0,9709
0,Total Adult Lab diagnoses,0,9709,9685,10173,11370,13035,14434,15747,17123,18511,19934,21360,22756,24656,26034,27083,29407,35227,40901,44202,50086,56310,57413,57226,58764,56037,52720,48781,45188,45326,44136,44607,46271,40675,31835,24386,19225,24680,25921,21235,18952,36930,52455,63814,71297,75822,69786,66352,64129,62705,61805,61253,60940,60793,60760,60806,60906,61039,61190,61350,61513,61675,61836,61993,62144,62286,0,0,0,0,0,0,0,0,0,0,0,0,0,0,0,0,0,0,0,0,0,0,0,0,0,0,0,0,6
0,Testing yield,0,6,6,6,7,7,7,6,6,6,6,6,7,8,9,10,11,12,13,14,15,15,15,17,19,20,22,24,25,26,26,26,25,24,24,22,18,16,16,6,4,6,8,8,8,7,7,6,6,6,5,5,5,5,5,5,5,5,5,5,5,5,5,5,5,5,0,0,0,0,0,0,0,0,0,0,0,0,0,0,0,0,0,0,0,0,0,0,0,0,0,0,0,0,21
0,% of symptomatic TB patients tested microbiologically,0,21,19,19,20,22,24,26,26,26,24,22,19,17,14,11,10,10,10,9,10,10,10,8,7,6,5,3,3,3,3,3,3,3,2,2,2,2,3,2,1,3,5,7,9,11,11,11,11,11,11,11,11,11,11,11,11,11,11,11,11,11,11,11,11,11,0,0,0,0,0,0,0,0,0,0,0,0,0,0,0,0,0,0,0,0,0,0,0,0,0,0,0,0,1
0,% of patients with TB-like symptoms tested micro-biologically,0,1,1,1,1,2,2,2,2,2,2,2,1,1,1,1,0,0,0,0,0,1,1,0,0,0,0,0,0,0,0,0,0,0,0,0,0,0,0,0,0,0,0,0,0,1,1,1,1,1,1,1,1,1,1,1,1,1,1,1,1,1,1,1,1,1,0,0,0,0,0,0,0,0,0,0,0,0,0,0,0,0,0,0,0,0,0,0,0,0,0,0,0,0,0
0,Number of TB contacts,0,0,0,0,0,0,0,0,0,0,0,0,0,0,0,0,0,0,0,0,0,0,0,0,0,0,0,0,0,0,0,0,0,0,0,0,0,0,0,0,0,0,0,0,0,0,0,0,0,0,0,0,0,0,0,0,0,0,0,0,0,0,0,0,0,0,0,0,0,0,0,0,0,0,0,0,0,0,0,0,0,0,0,0,0,0,0,0,0,0,0,0,0,0,-9223372036854775808
0,TPT coverage,0,-9223372036854775808,0,0,0,0,0,0,0,0,0,0,0,0,0,0,0,0,0,0,0,0,0,0,0,0,32,35,32,34,35,32,29,32,41,44,35,32,39,38,35,33,30,29,28,28,27,27,26,26,26,25,25,24,24,24,23,23,23,23,22,22,22,22,22,21,0,0,0,0,0,0,0,0,0,0,0,0,0,0,0,0,0,0,0,0,0,0,0,0,0,0,0,0,0
0,IPT for PLHIV,0,0,0,0,0,0,0,0,0,0,0,0,0,0,0,0,0,0,0,0,0,0,0,0,0,0,0,0,0,0,0,0,0,0,0,0,0,0,0,0,0,0,0,0,0,0,0,0,0,0,0,0,0,0,0,0,0,0,0,0,0,0,0,0,0,0,0,0,0,0,0,0,0,0,0,0,0,0,0,0,0,0,0,0,0,0,0,0,0,0,0,0,0,0,0
0,3HP for PLHIV,0,0,0,0,0,0,0,0,0,0,0,0,0,0,0,0,0,0,0,0,0,0,0,0,0,0,0,0,0,0,0,0,0,0,0,0,0,0,0,0,0,0,0,0,0,0,0,0,0,0,0,0,0,0,0,0,0,0,0,0,0,0,0,0,0,0,0,0,0,0,0,0,0,0,0,0,0,0,0,0,0,0,0,0,0,0,0,0,0,0,0,0,0,0,0
0,IPT for household contacts,0,0,0,0,0,0,0,0,0,0,0,0,0,0,0,0,0,0,0,0,0,0,0,0,0,0,0,0,0,0,0,0,0,0,0,0,0,0,0,0,0,0,0,0,0,0,0,0,0,0,0,0,0,0,0,0,0,0,0,0,0,0,0,0,0,0,0,0,0,0,0,0,0,0,0,0,0,0,0,0,0,0,0,0,0,0,0,0,0,0,0,0,0,0,0
0,3HP for household contacts,0,0,0,0,0,0,0,0,0,0,0,0,0,0,0,0,0,0,0,0,0,0,0,0,0,0,0,0,0,0,0,0,0,0,0,0,0,0,0,0,0,0,0,0,0,0,0,0,0,0,0,0,0,0,0,0,0,0,0,0,0,0,0,0,0,0,0,0,0,0,0,0,0,0,0,0,0,0,0,0,0,0,0,0,0,0,0,0,0,0,0,0,0,0,1031297
0,TB Screening General PHC,0,1031297,1024595,1015867,1079800,1148387,1226872,1332552,1479644,1632194,1786537,1937708,2043574,2003318,1881601,1716496,1648074,1814507,1976526,1999900,2161779,2408927,2426554,2213369,2101774,1890355,1710540,1463307,1272072,1215687,1160553,1188354,1263287,1115216,889584,723441,715093,1014160,1061739,746164,592350,1308720,2045079,2780215,3512334,4247877,4260224,4291372,4327326,4364939,4402668,4438693,4472756,4504788,4534637,4562165,4587297,4610055,4630477,4648652,4664693,4678700,4690774,4701001,4709442,4716124,0,0,0,0,0,0,0,0,0,0,0,0,0,0,0,0,0,0,0,0,0,0,0,0,0,0,0,0,0
0,TB Screening PLHIV on ART,0,0,0,0,0,0,0,0,0,0,0,0,0,0,0,0,0,2271,5284,8416,12807,31407,65198,103396,148584,182095,207209,221558,254245,294118,316413,363412,429574,419597,362431,313637,329078,485675,438508,300800,233185,518737,830251,1157465,1501804,1863639,1884050,1906909,1925908,1941296,1953338,1962295,1968479,1972466,1974266,1973960,1971640,1967364,1961183,1953164,1943398,1931947,1918898,1904323,1888277,1870809,0,0,0,0,0,0,0,0,0,0,0,0,0,0,0,0,0,0,0,0,0,0,0,0,0,0,0,0,0
0,TB Screening (Household contacts and other close contacts),0,0,0,0,0,0,0,0,0,0,0,0,0,0,0,0,0,0,0,0,0,0,0,0,0,0,0,0,0,0,0,0,0,0,0,0,0,0,0,0,0,0,0,0,0,0,0,0,0,0,0,0,0,0,0,0,0,0,0,0,0,0,0,0,0,0,0,0,0,0,0,0,0,0,0,0,0,0,0,0,0,0,0,0,0,0,0,0,0,0,0,0,0,0,0
0,TB Screening (Door-to-door),0,0,0,0,0,0,0,0,0,0,0,0,0,0,0,0,0,0,0,0,0,0,0,0,0,0,0,0,0,0,0,0,0,0,0,0,0,0,0,0,0,0,0,0,0,0,0,0,0,0,0,0,0,0,0,0,0,0,0,0,0,0,0,0,0,0,0,0,0,0,0,0,0,0,0,0,0,0,0,0,0,0,0,0,0,0,0,0,0,0,0,0,0,0,0
0,TB Screening (Door-to-door targetted),0,0,0,0,0,0,0,0,0,0,0,0,0,0,0,0,0,0,0,0,0,0,0,0,0,0,0,0,0,0,0,0,0,0,0,0,0,0,0,0,0,0,0,0,0,0,0,0,0,0,0,0,0,0,0,0,0,0,0,0,0,0,0,0,0,0,0,0,0,0,0,0,0,0,0,0,0,0,0,0,0,0,0,0,0,0,0,0,0,0,0,0,0,0,0
0,TB Screening (Digital Chest X-ray),0,0,0,0,0,0,0,0,0,0,0,0,0,0,0,0,0,0,0,0,0,0,0,0,0,0,0,0,0,0,0,0,0,0,0,0,0,0,0,0,0,0,0,0,0,0,0,0,0,0,0,0,0,0,0,0,0,0,0,0,0,0,0,0,0,0,0,0,0,0,0,0,0,0,0,0,0,0,0,0,0,0,0,0,0,0,0,0,0,0,0,0,0,0,0
0,TB Screening (Digital Chest X-ray portable),0,0,0,0,0,0,0,0,0,0,0,0,0,0,0,0,0,0,0,0,0,0,0,0,0,0,0,0,0,0,0,0,0,0,0,0,0,0,0,0,0,0,0,0,0,0,0,0,0,0,0,0,0,0,0,0,0,0,0,0,0,0,0,0,0,0,0,0,0,0,0,0,0,0,0,0,0,0,0,0,0,0,0,0,0,0,0,0,0,0,0,0,0,0,0
0,Testing (TSwabPlusLife D2D targeted),0,0,0,0,0,0,0,0,0,0,0,0,0,0,0,0,0,0,0,0,0,0,0,0,0,0,0,0,0,0,0,0,0,0,0,0,0,0,0,0,0,0,0,0,0,0,0,0,0,0,0,0,0,0,0,0,0,0,0,0,0,0,0,0,0,0,0,0,0,0,0,0,0,0,0,0,0,0,0,0,0,0,0,0,0,0,0,0,0,0,0,0,0,0,0
0,Testing (Follow-up Xpert DST),0,0,0,0,0,0,0,0,0,0,0,0,0,0,0,0,0,0,0,0,0,0,0,0,0,0,0,0,0,0,0,0,0,0,0,0,0,0,0,0,0,0,0,0,0,0,0,0,0,0,0,0,0,0,0,0,0,0,0,0,0,0,0,0,0,0,0,0,0,0,0,0,0,0,0,0,0,0,0,0,0,0,0,0,0,0,0,0,0,0,0,0,0,0,0
0,Testing (TSwabPlusLife PHC),0,0,0,0,0,0,0,0,0,0,0,0,0,0,0,0,0,0,0,0,0,0,0,0,0,0,0,0,0,0,0,0,0,0,0,0,0,0,0,0,0,0,0,0,0,0,0,0,0,0,0,0,0,0,0,0,0,0,0,0,0,0,0,0,0,0,0,0,0,0,0,0,0,0,0,0,0,0,0,0,0,0,0,0,0,0,0,0,0,0,0,0,0,0,0
0,Testing (TSwabPlusLife immediate treat),0,0,0,0,0,0,0,0,0,0,0,0,0,0,0,0,0,0,0,0,0,0,0,0,0,0,0,0,0,0,0,0,0,0,0,0,0,0,0,0,0,0,0,0,0,0,0,0,0,0,0,0,0,0,0,0,0,0,0,0,0,0,0,0,0,0,0,0,0,0,0,0,0,0,0,0,0,0,0,0,0,0,0,0,0,0,0,0,0,0,0,0,0,0,147816
0,Testing (Xpert Ultra),0,147816,146989,158434,180933,204942,232771,261085,284257,299883,305212,299230,295421,279304,257130,249498,276899,302224,306650,333478,366496,362759,327701,306069,270673,239508,199299,176316,170977,165236,170800,183000,162717,130826,107148,105360,148110,156135,110482,87610,193497,302678,409071,513462,617446,616287,620656,625630,630893,636197,641282,646102,650648,654896,658822,662416,665677,668608,671223,673538,675567,677322,678817,680058,681050,-1,0,0,0,0,0,0,0,0,0,0,0,0,0,0,0,0,0,0,0,0,0,0,0,0,0,0,0,0,34904
0,Testing: Culture in liquid medium (Xpert neg),0,34904,33288,32973,35441,40515,46100,52601,59199,64558,68093,69136,67440,66054,61960,56376,53916,59136,64351,65072,70197,77074,76462,96591,114339,100520,88588,64850,50131,41438,35483,34421,34909,29577,23857,19838,20344,30128,31650,22129,17570,38763,60517,82803,105596,128871,130275,131594,132822,133945,134963,135855,136631,137308,137888,138370,138757,139052,139260,139383,139425,139391,139284,139106,138860,138548,0,0,0,0,0,0,0,0,0,0,0,0,0,0,0,0,0,0,0,0,0,0,0,0,0,0,0,0,0
0,Testing: TUTT for PLHIV (screening),0,0,0,0,0,0,0,0,0,0,0,0,0,0,0,0,0,0,0,0,0,0,0,0,0,0,0,0,0,0,0,0,0,0,0,0,0,0,0,162724,245920,281691,294081,307293,320470,330294,336269,340968,344724,347703,350023,351765,352988,353736,354049,353960,353498,352686,351542,350078,348309,346244,343897,341277,338395,335258,0,0,0,0,0,0,0,0,0,0,0,0,0,0,0,0,0,0,0,0,0,0,0,0,0,0,0,0,0
0,Testing: TUTT for PLHIV (follow-up),0,0,0,0,0,0,0,0,0,0,0,0,0,0,0,0,0,0,0,0,0,0,0,0,0,0,0,0,0,0,0,0,0,0,0,0,0,0,0,2996,4561,5343,5417,5252,4997,4655,4431,4320,4249,4204,4172,4148,4127,4109,4090,4071,4050,4028,4003,3975,3945,3911,3876,3837,3796,3752,0,0,0,0,0,0,0,0,0,0,0,0,0,0,0,0,0,0,0,0,0,0,0,0,0,0,0,0,0
0,Testing: TUTT for previous TB (screening),0,0,0,0,0,0,0,0,0,0,0,0,0,0,0,0,0,0,0,0,0,0,0,0,0,0,0,0,0,0,0,0,0,0,0,0,0,0,0,0,0,0,0,0,0,0,0,0,0,0,0,0,0,0,0,0,0,0,0,0,0,0,0,0,0,0,0,0,0,0,0,0,0,0,0,0,0,0,0,0,0,0,0,0,0,0,0,0,0,0,0,0,0,0,0
0,Testing: TUTT for previous TB (follow-up),0,0,0,0,0,0,0,0,0,0,0,0,0,0,0,0,0,0,0,0,0,0,0,0,0,0,0,0,0,0,0,0,0,0,0,0,0,0,0,0,0,0,0,0,0,0,0,0,0,0,0,0,0,0,0,0,0,0,0,0,0,0,0,0,0,0,0,0,0,0,0,0,0,0,0,0,0,0,0,0,0,0,0,0,0,0,0,0,0,0,0,0,0,0,0
0,Testing: TUTT for HH (screening),0,0,0,0,0,0,0,0,0,0,0,0,0,0,0,0,0,0,0,0,0,0,0,0,0,0,0,0,0,0,0,0,0,0,0,0,0,0,0,0,0,0,0,0,0,0,0,0,0,0,0,0,0,0,0,0,0,0,0,0,0,0,0,0,0,0,0,0,0,0,0,0,0,0,0,0,0,0,0,0,0,0,0,0,0,0,0,0,0,0,0,0,0,0,0
