     0	     0	  0.000000	  0.000000	  0.000000	  0.000000	  0.000000	  0.000000	  0.000000	  0.000000	  0.000000	  0.000000	  0.000000	  0.000000	  0.000000	  0.000000	  0.000000	  0.000000	  0.000000	  0.000000	  0.000000	  0.000000	  0.000000	  0.000000	  0.000000	  0.000000	  0.000000	  0.000000	  0.000000	  0.000000	  0.000000	  0.000000	  0.000000	  0.000000	  0.000000	  0.000000	  0.000000	  0.000000	  0.000000	  0.000000	  0.000000	  0.000000	8310.945990	33963.814548	33797.293102	35219.865996	36875.491847	38712.100336	40922.408204	43573.237833	46153.633797	48877.585903	52446.766285	55524.074304	58904.747243	61315.067373	64327.306787	66844.382960	68614.996713	70122.167154	71740.550051	73284.874367	74623.042125	76013.307467	77473.864505	78923.232715	80286.626393
     1	     0	  0.000000	  0.000000	  0.000000	  0.000000	  0.000000	  0.000000	  0.000000	  0.000000	  0.000000	  0.000000	  0.000000	  0.000000	  0.000000	  0.000000	  0.000000	  0.000000	  0.000000	  0.000000	  0.000000	  0.000000	  0.000000	  0.000000	  0.000000	  0.000000	  0.000000	  0.000000	  0.000000	  0.000000	  0.000000	  0.000000	  0.000000	  0.000000	  0.000000	  0.000000	  0.000000	  0.000000	  0.000000	  0.000000	  0.000000	  0.000000	8310.945984	34004.904191	34456.903794	36635.437789	38980.974718	41533.652986	44417.810737	47615.047714	50679.462559	53947.960778	58371.786895	62126.675738	66350.512799	69431.138719	73208.015255	76463.057736	78888.930768	81031.579705	83298.300647	85488.200859	87480.634236	89741.737295	92199.756501	94490.866884	96684.295363
     2	     0	  0.000000	  0.000000	  0.000000	  0.000000	  0.000000	  0.000000	  0.000000	  0.000000	  0.000000	  0.000000	  0.000000	  0.000000	  0.000000	  0.000000	  0.000000	  0.000000	  0.000000	  0.000000	  0.000000	  0.000000	  0.000000	  0.000000	  0.000000	  0.000000	  0.000000	  0.000000	  0.000000	  0.000000	  0.000000	  0.000000	  0.000000	  0.000000	  0.000000	  0.000000	  0.000000	  0.000000	  0.000000	  0.000000	  0.000000	  0.000000	8310.945982	34022.547864	34742.121511	37258.771890	39921.254302	42811.297640	46014.496733	49462.630765	52744.916502	56262.516821	61097.106229	65169.746834	69800.671346	73201.985869	77343.608966	80954.635292	83699.323041	86152.889279	88734.796066	91239.301835	93560.562063	96298.181028	99324.085953	102066.542040	104709.748482
     3	     0	  0.000000	  0.000000	  0.000000	  0.000000	  0.000000	  0.000000	  0.000000	  0.000000	  0.000000	  0.000000	  0.000000	  0.000000	  0.000000	  0.000000	  0.000000	  0.000000	  0.000000	  0.000000	  0.000000	  0.000000	  0.000000	  0.000000	  0.000000	  0.000000	  0.000000	  0.000000	  0.000000	  0.000000	  0.000000	  0.000000	  0.000000	  0.000000	  0.000000	  0.000000	  0.000000	  0.000000	  0.000000	  0.000000	  0.000000	  0.000000	8310.945982	34038.606120	35002.663431	37834.057140	40795.936620	44009.142280	47518.457512	51202.168835	54685.766010	58435.694131	63665.956133	68038.898766	73061.700282	76768.489648	81256.632409	85207.266670	88256.254822	91006.495293	93886.901230	96688.769365	99327.511088	102555.125922	106180.672763	109376.561099	112473.698254
     4	     0	  0.000000	  0.000000	  0.000000	  0.000000	  0.000000	  0.000000	  0.000000	  0.000000	  0.000000	  0.000000	  0.000000	  0.000000	  0.000000	  0.000000	  0.000000	  0.000000	  0.000000	  0.000000	  0.000000	  0.000000	  0.000000	  0.000000	  0.000000	  0.000000	  0.000000	  0.000000	  0.000000	  0.000000	  0.000000	  0.000000	  0.000000	  0.000000	  0.000000	  0.000000	  0.000000	  0.000000	  0.000000	  0.000000	  0.000000	  0.000000	8310.945981	34053.284009	35241.556386	38366.443984	41611.136807	45133.390703	48935.669553	52839.830662	56508.457952	60473.785739	66082.848183	70737.360160	76134.223764	80128.721534	84942.167787	89212.293529	92546.741275	95574.460644	98731.252333	101807.205878	104745.375961	108467.497251	112714.195963	116353.951692	119896.830213
     5	     0	  0.000000	  0.000000	  0.000000	  0.000000	  0.000000	  0.000000	  0.000000	  0.000000	  0.000000	  0.000000	  0.000000	  0.000000	  0.000000	  0.000000	  0.000000	  0.000000	  0.000000	  0.000000	  0.000000	  0.000000	  0.000000	  0.000000	  0.000000	  0.000000	  0.000000	  0.000000	  0.000000	  0.000000	  0.000000	  0.000000	  0.000000	  0.000000	  0.000000	  0.000000	  0.000000	  0.000000	  0.000000	  0.000000	  0.000000	  0.000000	8310.945980	34066.752641	35461.357984	38860.403360	42372.316857	46189.797494	50271.938953	54381.879957	58219.849197	62383.946231	68353.922465	73270.760079	79022.275810	83285.233189	88401.051527	92968.248176	96566.566788	99849.382359	103257.036741	106580.014357	109795.095666	114008.931029	118889.218266	122954.103140	126924.777968
     6	     0	  0.000000	  0.000000	  0.000000	  0.000000	  0.000000	  0.000000	  0.000000	  0.000000	  0.000000	  0.000000	  0.000000	  0.000000	  0.000000	  0.000000	  0.000000	  0.000000	  0.000000	  0.000000	  0.000000	  0.000000	  0.000000	  0.000000	  0.000000	  0.000000	  0.000000	  0.000000	  0.000000	  0.000000	  0.000000	  0.000000	  0.000000	  0.000000	  0.000000	  0.000000	  0.000000	  0.000000	  0.000000	  0.000000	  0.000000	  0.000000	8310.945980	34079.155928	35664.243004	39319.829200	43084.353121	47183.666351	51532.815421	55834.495427	59826.912100	64173.753794	70486.332809	75646.319944	81732.286638	86243.825275	91638.393387	96479.121546	100318.303826	103832.156661	107463.477010	111004.590358	114471.602299	119168.754823	124687.408078	129152.108447	133525.654666
     7	     0	  0.000000	  0.000000	  0.000000	  0.000000	  0.000000	  0.000000	  0.000000	  0.000000	  0.000000	  0.000000	  0.000000	  0.000000	  0.000000	  0.000000	  0.000000	  0.000000	  0.000000	  0.000000	  0.000000	  0.000000	  0.000000	  0.000000	  0.000000	  0.000000	  0.000000	  0.000000	  0.000000	  0.000000	  0.000000	  0.000000	  0.000000	  0.000000	  0.000000	  0.000000	  0.000000	  0.000000	  0.000000	  0.000000	  0.000000	  0.000000	8310.945979	34090.615791	35852.071615	39748.124266	43751.600208	48119.863990	52723.543289	57203.652714	61336.531492	65850.896511	72487.783549	77872.226714	84272.267921	89012.528103	94662.314306	99752.839489	103809.509761	107529.869512	111357.366346	115087.461844	118780.583471	123948.597697	130104.170310	134939.190168	139686.282551
     8	     0	  0.000000	  0.000000	  0.000000	  0.000000	  0.000000	  0.000000	  0.000000	  0.000000	  0.000000	  0.000000	  0.000000	  0.000000	  0.000000	  0.000000	  0.000000	  0.000000	  0.000000	  0.000000	  0.000000	  0.000000	  0.000000	  0.000000	  0.000000	  0.000000	  0.000000	  0.000000	  0.000000	  0.000000	  0.000000	  0.000000	  0.000000	  0.000000	  0.000000	  0.000000	  0.000000	  0.000000	  0.000000	  0.000000	  0.000000	  0.000000	8310.945979	34101.236203	36026.443666	40148.272045	44377.949816	49002.843124	53849.038056	58495.051157	62755.370100	67422.954918	74366.190259	79957.161479	86651.180142	91600.791021	97482.920539	102799.995490	107051.191745	110953.957789	114950.871510	118841.682387	122735.466744	128359.135095	135145.283607	140318.961419	145408.048840
     9	     0	  0.000000	  0.000000	  0.000000	  0.000000	  0.000000	  0.000000	  0.000000	  0.000000	  0.000000	  0.000000	  0.000000	  0.000000	  0.000000	  0.000000	  0.000000	  0.000000	  0.000000	  0.000000	  0.000000	  0.000000	  0.000000	  0.000000	  0.000000	  0.000000	  0.000000	  0.000000	  0.000000	  0.000000	  0.000000	  0.000000	  0.000000	  0.000000	  0.000000	  0.000000	  0.000000	  0.000000	  0.000000	  0.000000	  0.000000	  0.000000	8310.945978	34111.106379	36188.742235	40522.897052	44966.883953	49836.670202	54913.880152	59714.072398	64089.784058	68897.257175	76129.438433	81909.955105	88878.455807	94018.858879	100111.500697	105632.841062	110056.562782	114118.694895	118259.697502	122284.625046	126354.836125	132417.244434	139823.887171	145303.979479	150702.981125
    10	     0	  0.000000	  0.000000	  0.000000	  0.000000	  0.000000	  0.000000	  0.000000	  0.000000	  0.000000	  0.000000	  0.000000	  0.000000	  0.000000	  0.000000	  0.000000	  0.000000	  0.000000	  0.000000	  0.000000	  0.000000	  0.000000	  0.000000	  0.000000	  0.000000	  0.000000	  0.000000	  0.000000	  0.000000	  0.000000	  0.000000	  0.000000	  0.000000	  0.000000	  0.000000	  0.000000	  0.000000	  0.000000	  0.000000	  0.000000	  0.000000	8310.945978	34120.303307	36340.168797	40874.315488	45521.522477	50625.055069	55922.319997	60865.761195	65345.774389	70280.787812	77785.217485	83739.344286	90963.650308	96277.306691	102559.917565	108264.509967	112840.073540	117039.998471	121301.629762	125436.217279	129660.351429	136143.680284	144157.969599	149912.816899	155590.354775
    11	     0	  0.000000	  0.000000	  0.000000	  0.000000	  0.000000	  0.000000	  0.000000	  0.000000	  0.000000	  0.000000	  0.000000	  0.000000	  0.000000	  0.000000	  0.000000	  0.000000	  0.000000	  0.000000	  0.000000	  0.000000	  0.000000	  0.000000	  0.000000	  0.000000	  0.000000	  0.000000	  0.000000	  0.000000	  0.000000	  0.000000	  0.000000	  0.000000	  0.000000	  0.000000	  0.000000	  0.000000	  0.000000	  0.000000	  0.000000	  0.000000	8310.945978	34128.893773	36481.771831	41204.577913	46044.665245	51371.380755	56878.290187	61954.821407	66528.963830	71580.135254	79340.911503	85453.804932	92916.194006	98386.702770	104840.161784	110708.441736	115416.685499	119734.527846	124095.425029	128317.593848	132675.156017	139561.272473	148168.387983	154167.716720	160093.945622
    12	     0	  0.000000	  0.000000	  0.000000	  0.000000	  0.000000	  0.000000	  0.000000	  0.000000	  0.000000	  0.000000	  0.000000	  0.000000	  0.000000	  0.000000	  0.000000	  0.000000	  0.000000	  0.000000	  0.000000	  0.000000	  0.000000	  0.000000	  0.000000	  0.000000	  0.000000	  0.000000	  0.000000	  0.000000	  0.000000	  0.000000	  0.000000	  0.000000	  0.000000	  0.000000	  0.000000	  0.000000	  0.000000	  0.000000	  0.000000	  0.000000	8310.945977	34136.936002	36614.470221	41515.505260	46538.829282	52078.732301	57785.421911	62985.622052	67644.591145	72801.466861	80803.531940	87061.443858	94745.222592	100357.373088	106964.035247	112977.967750	117801.344447	122219.026227	126660.001192	130950.113068	135422.714134	142693.593428	151877.375734	158092.804781	164239.918527
    13	     0	  0.000000	  0.000000	  0.000000	  0.000000	  0.000000	  0.000000	  0.000000	  0.000000	  0.000000	  0.000000	  0.000000	  0.000000	  0.000000	  0.000000	  0.000000	  0.000000	  0.000000	  0.000000	  0.000000	  0.000000	  0.000000	  0.000000	  0.000000	  0.000000	  0.000000	  0.000000	  0.000000	  0.000000	  0.000000	  0.000000	  0.000000	  0.000000	  0.000000	  0.000000	  0.000000	  0.000000	  0.000000	  0.000000	  0.000000	  0.000000	8310.945977	34144.480983	36739.072535	41808.719342	47006.281441	52749.923988	58647.063634	63962.209838	68697.517186	73950.523064	82179.680778	88569.933592	96459.466752	102199.243492	108942.935515	115086.025608	120008.614007	124509.860537	129013.870650	133354.670936	137926.002260	145564.017212	155307.465874	161712.785808	168055.278271
    14	     0	  0.000000	  0.000000	  0.000000	  0.000000	  0.000000	  0.000000	  0.000000	  0.000000	  0.000000	  0.000000	  0.000000	  0.000000	  0.000000	  0.000000	  0.000000	  0.000000	  0.000000	  0.000000	  0.000000	  0.000000	  0.000000	  0.000000	  0.000000	  0.000000	  0.000000	  0.000000	  0.000000	  0.000000	  0.000000	  0.000000	  0.000000	  0.000000	  0.000000	  0.000000	  0.000000	  0.000000	  0.000000	  0.000000	  0.000000	  0.000000	8310.945976	34151.573565	36856.292978	42085.668751	47449.067057	53387.524659	59466.300687	64888.325595	69692.238557	75032.624386	83475.535364	89986.478457	98067.185857	103921.740490	110787.717046	117044.971973	122052.433059	126622.715305	131174.764262	135551.248864	140206.978350	148195.088970	158480.748389	165052.034295	171566.784411
