     0	     0	  0.000000	  0.000000	  0.000000	  0.000000	  0.000000	  0.000000	  0.000000	  0.000000	  0.000000	  0.000000	  0.000000	  0.000000	  0.000000	  0.000000	  0.000000	  0.000000	  0.000000	  0.000000	  0.000000	  0.000000	  0.000000	  0.000000	  0.000000	  0.000000	  0.000000	  0.000000	  0.000000	  0.000000	  0.000000	  0.000000	  0.000000	  0.000000	  0.000000	  0.000000	  0.000000	  0.000000	  0.000000	  0.000000	  0.000000	  0.000000	7100.811547	27896.766101	26510.229442	26994.895485	27825.210184	28592.602569	29273.092637	30913.669123	32468.782810	34002.451748	35533.653220	37072.592571	38617.612948	40161.218253	41695.369370	43219.762201	44728.420172	46218.380060	47681.483549	49109.905111	50497.769355	51838.965672	53129.272460	54365.048580	55544.871323
     1	     0	  0.000000	  0.000000	  0.000000	  0.000000	  0.000000	  0.000000	  0.000000	  0.000000	  0.000000	  0.000000	  0.000000	  0.000000	  0.000000	  0.000000	  0.000000	  0.000000	  0.000000	  0.000000	  0.000000	  0.000000	  0.000000	  0.000000	  0.000000	  0.000000	  0.000000	  0.000000	  0.000000	  0.000000	  0.000000	  0.000000	  0.000000	  0.000000	  0.000000	  0.000000	  0.000000	  0.000000	  0.000000	  0.000000	  0.000000	  0.000000	7100.811592	27927.950218	26588.449234	27116.439700	27989.592026	28799.210637	29521.537361	31213.681714	32822.076749	34410.707380	35998.593293	37595.917794	39200.024173	40801.770378	42391.475672	43968.624994	45526.309734	47061.385596	48565.029849	50028.735200	51446.380237	52811.701356	54120.643425	55369.727097	56557.468262
     2	     0	  0.000000	  0.000000	  0.000000	  0.000000	  0.000000	  0.000000	  0.000000	  0.000000	  0.000000	  0.000000	  0.000000	  0.000000	  0.000000	  0.000000	  0.000000	  0.000000	  0.000000	  0.000000	  0.000000	  0.000000	  0.000000	  0.000000	  0.000000	  0.000000	  0.000000	  0.000000	  0.000000	  0.000000	  0.000000	  0.000000	  0.000000	  0.000000	  0.000000	  0.000000	  0.000000	  0.000000	  0.000000	  0.000000	  0.000000	  0.000000	7100.811603	27939.041068	26616.712845	27160.898232	28050.272731	28876.000829	29614.341820	31326.159093	32954.870945	34564.397465	36173.752865	37793.095203	39419.331087	41042.625096	42652.623490	44248.753791	45823.754060	47374.449823	48891.786949	50367.016574	51793.957897	53166.332776	54480.169356	55732.101165	56920.605704
     3	     0	  0.000000	  0.000000	  0.000000	  0.000000	  0.000000	  0.000000	  0.000000	  0.000000	  0.000000	  0.000000	  0.000000	  0.000000	  0.000000	  0.000000	  0.000000	  0.000000	  0.000000	  0.000000	  0.000000	  0.000000	  0.000000	  0.000000	  0.000000	  0.000000	  0.000000	  0.000000	  0.000000	  0.000000	  0.000000	  0.000000	  0.000000	  0.000000	  0.000000	  0.000000	  0.000000	  0.000000	  0.000000	  0.000000	  0.000000	  0.000000	7100.811608	27948.195533	26640.267621	27198.210972	28101.457620	28941.007308	29693.101996	31421.776734	33067.880891	34695.255292	36322.899770	37960.942802	39605.892320	41247.292983	42874.198953	44486.001256	46075.140960	47638.437551	49166.652318	50650.846077	52084.790298	53462.229829	54779.272653	56032.666836	57220.848774
     4	     0	  0.000000	  0.000000	  0.000000	  0.000000	  0.000000	  0.000000	  0.000000	  0.000000	  0.000000	  0.000000	  0.000000	  0.000000	  0.000000	  0.000000	  0.000000	  0.000000	  0.000000	  0.000000	  0.000000	  0.000000	  0.000000	  0.000000	  0.000000	  0.000000	  0.000000	  0.000000	  0.000000	  0.000000	  0.000000	  0.000000	  0.000000	  0.000000	  0.000000	  0.000000	  0.000000	  0.000000	  0.000000	  0.000000	  0.000000	  0.000000	7100.811613	27955.885444	26660.236006	27230.047134	28145.326889	28996.896631	29760.958027	31504.267190	33165.451932	34808.266435	36451.690771	38105.821386	39766.801916	41423.621531	43064.811794	44689.742427	46290.603270	47864.224126	49401.217961	50892.491776	52331.787599	53712.891209	55031.980422	56285.926491	57473.115027
     5	     0	  0.000000	  0.000000	  0.000000	  0.000000	  0.000000	  0.000000	  0.000000	  0.000000	  0.000000	  0.000000	  0.000000	  0.000000	  0.000000	  0.000000	  0.000000	  0.000000	  0.000000	  0.000000	  0.000000	  0.000000	  0.000000	  0.000000	  0.000000	  0.000000	  0.000000	  0.000000	  0.000000	  0.000000	  0.000000	  0.000000	  0.000000	  0.000000	  0.000000	  0.000000	  0.000000	  0.000000	  0.000000	  0.000000	  0.000000	  0.000000	7100.811617	27962.440134	26677.404723	27257.581892	28183.422196	29045.562072	29820.147856	31576.299887	33250.701555	34907.017438	36564.204648	38232.326308	39907.192609	41577.293623	43230.697972	44866.765077	46477.470906	48059.666481	49603.844762	51100.787154	52544.221076	53927.980142	55248.313718	56502.208757	57687.998159
     6	     0	  0.000000	  0.000000	  0.000000	  0.000000	  0.000000	  0.000000	  0.000000	  0.000000	  0.000000	  0.000000	  0.000000	  0.000000	  0.000000	  0.000000	  0.000000	  0.000000	  0.000000	  0.000000	  0.000000	  0.000000	  0.000000	  0.000000	  0.000000	  0.000000	  0.000000	  0.000000	  0.000000	  0.000000	  0.000000	  0.000000	  0.000000	  0.000000	  0.000000	  0.000000	  0.000000	  0.000000	  0.000000	  0.000000	  0.000000	  0.000000	7100.811622	27968.096575	26692.342295	27281.668761	28216.868090	29088.390056	29872.316004	31639.842454	33325.933815	34994.164826	36663.467843	38343.872085	40030.881917	41712.537635	43376.496209	45022.114688	46641.185850	48230.589010	49780.719434	51282.255392	52728.920418	54114.599834	55435.614794	56689.059848	57873.214574
     7	     0	  0.000000	  0.000000	  0.000000	  0.000000	  0.000000	  0.000000	  0.000000	  0.000000	  0.000000	  0.000000	  0.000000	  0.000000	  0.000000	  0.000000	  0.000000	  0.000000	  0.000000	  0.000000	  0.000000	  0.000000	  0.000000	  0.000000	  0.000000	  0.000000	  0.000000	  0.000000	  0.000000	  0.000000	  0.000000	  0.000000	  0.000000	  0.000000	  0.000000	  0.000000	  0.000000	  0.000000	  0.000000	  0.000000	  0.000000	  0.000000	7100.811626	27973.029717	26705.470528	27302.944010	28246.506453	29126.422348	29918.702089	31696.382075	33392.894092	35071.724503	36751.779999	38443.055783	40140.775081	41832.571627	43505.734925	45159.625332	46785.877789	48381.404307	49936.520187	51441.818593	52891.026934	54278.084194	55599.382165	56852.115339	58034.510110
     8	     0	  0.000000	  0.000000	  0.000000	  0.000000	  0.000000	  0.000000	  0.000000	  0.000000	  0.000000	  0.000000	  0.000000	  0.000000	  0.000000	  0.000000	  0.000000	  0.000000	  0.000000	  0.000000	  0.000000	  0.000000	  0.000000	  0.000000	  0.000000	  0.000000	  0.000000	  0.000000	  0.000000	  0.000000	  0.000000	  0.000000	  0.000000	  0.000000	  0.000000	  0.000000	  0.000000	  0.000000	  0.000000	  0.000000	  0.000000	  0.000000	7100.811630	27977.371586	26717.109408	27321.892590	28272.981596	29160.458990	29960.260831	31747.066843	33452.932347	35141.257816	36830.923948	38531.892112	40239.126506	41939.892209	43621.149452	45282.265937	46914.739838	48515.518410	50074.851189	51583.260809	53034.484164	54422.514542	55743.812384	56995.664995	58176.246291
     9	     0	  0.000000	  0.000000	  0.000000	  0.000000	  0.000000	  0.000000	  0.000000	  0.000000	  0.000000	  0.000000	  0.000000	  0.000000	  0.000000	  0.000000	  0.000000	  0.000000	  0.000000	  0.000000	  0.000000	  0.000000	  0.000000	  0.000000	  0.000000	  0.000000	  0.000000	  0.000000	  0.000000	  0.000000	  0.000000	  0.000000	  0.000000	  0.000000	  0.000000	  0.000000	  0.000000	  0.000000	  0.000000	  0.000000	  0.000000	  0.000000	7100.811633	27981.223724	26727.506349	27338.891243	28296.796033	29191.125967	29997.741180	31792.799251	33507.111439	35203.995383	36902.305837	38611.970737	40327.715056	42036.468578	43724.895376	45392.373321	47030.281446	48635.603508	50198.534729	51709.539096	53162.367005	54551.065808	55872.162108	57123.029468	58301.790414
    10	     0	  0.000000	  0.000000	  0.000000	  0.000000	  0.000000	  0.000000	  0.000000	  0.000000	  0.000000	  0.000000	  0.000000	  0.000000	  0.000000	  0.000000	  0.000000	  0.000000	  0.000000	  0.000000	  0.000000	  0.000000	  0.000000	  0.000000	  0.000000	  0.000000	  0.000000	  0.000000	  0.000000	  0.000000	  0.000000	  0.000000	  0.000000	  0.000000	  0.000000	  0.000000	  0.000000	  0.000000	  0.000000	  0.000000	  0.000000	  0.000000	7100.811637	27984.665537	26736.855870	27354.237542	28318.348169	29218.921059	30031.740086	31834.299926	33556.281154	35260.921943	36967.051395	38684.564550	40407.964947	42123.876498	43818.695944	45491.813256	47134.503151	48743.786258	50309.812791	51822.997828	53277.108118	54666.244239	55986.996216	57236.817860	58413.781649
    11	     0	  0.000000	  0.000000	  0.000000	  0.000000	  0.000000	  0.000000	  0.000000	  0.000000	  0.000000	  0.000000	  0.000000	  0.000000	  0.000000	  0.000000	  0.000000	  0.000000	  0.000000	  0.000000	  0.000000	  0.000000	  0.000000	  0.000000	  0.000000	  0.000000	  0.000000	  0.000000	  0.000000	  0.000000	  0.000000	  0.000000	  0.000000	  0.000000	  0.000000	  0.000000	  0.000000	  0.000000	  0.000000	  0.000000	  0.000000	  0.000000	7100.811640	27987.760036	26745.313164	27368.169964	28337.958428	29244.245725	30062.740174	31872.152155	33601.130112	35312.835992	37026.073712	38750.706054	40481.031135	42203.393031	43903.946325	45582.094370	47229.020105	48841.780791	50410.489249	51925.519676	53380.657156	54770.054261	56090.361595	57339.107721	58514.316577
    12	     0	  0.000000	  0.000000	  0.000000	  0.000000	  0.000000	  0.000000	  0.000000	  0.000000	  0.000000	  0.000000	  0.000000	  0.000000	  0.000000	  0.000000	  0.000000	  0.000000	  0.000000	  0.000000	  0.000000	  0.000000	  0.000000	  0.000000	  0.000000	  0.000000	  0.000000	  0.000000	  0.000000	  0.000000	  0.000000	  0.000000	  0.000000	  0.000000	  0.000000	  0.000000	  0.000000	  0.000000	  0.000000	  0.000000	  0.000000	  0.000000	7100.811643	27990.557874	26753.003658	27380.882096	28355.887799	29267.427800	30091.136034	31906.833858	33642.223002	35360.392625	37080.122016	38811.242399	40547.860913	42276.064902	43981.788869	45664.450337	47315.151138	48930.984513	50502.032158	52018.634044	53474.594922	54864.117877	56183.911243	57431.573318	58605.081090
    13	     0	  0.000000	  0.000000	  0.000000	  0.000000	  0.000000	  0.000000	  0.000000	  0.000000	  0.000000	  0.000000	  0.000000	  0.000000	  0.000000	  0.000000	  0.000000	  0.000000	  0.000000	  0.000000	  0.000000	  0.000000	  0.000000	  0.000000	  0.000000	  0.000000	  0.000000	  0.000000	  0.000000	  0.000000	  0.000000	  0.000000	  0.000000	  0.000000	  0.000000	  0.000000	  0.000000	  0.000000	  0.000000	  0.000000	  0.000000	  0.000000	7100.811646	27993.100245	26760.029909	27392.532890	28372.351263	29288.737967	30117.254093	31938.740774	33680.027777	35404.134911	37129.817445	38866.875789	40609.239168	42342.758760	44053.168409	45739.900248	47393.984123	49012.548542	50585.648582	52103.596325	53560.216669	54949.761625	56268.994464	57515.578642	58687.445823
    14	     0	  0.000000	  0.000000	  0.000000	  0.000000	  0.000000	  0.000000	  0.000000	  0.000000	  0.000000	  0.000000	  0.000000	  0.000000	  0.000000	  0.000000	  0.000000	  0.000000	  0.000000	  0.000000	  0.000000	  0.000000	  0.000000	  0.000000	  0.000000	  0.000000	  0.000000	  0.000000	  0.000000	  0.000000	  0.000000	  0.000000	  0.000000	  0.000000	  0.000000	  0.000000	  0.000000	  0.000000	  0.000000	  0.000000	  0.000000	  0.000000	7100.811649	27995.421004	26766.476643	27403.254199	28387.527688	29308.401938	30141.367006	31968.203745	33714.935902	35444.517266	37175.679725	38918.193648	40665.822186	42404.198711	44118.873564	45809.293663	47466.424704	49087.429806	50662.340323	52181.446743	53638.593823	55028.080884	56346.723438	57592.245920	58762.536295
