     0	     0	  0.000000	  0.000000	  0.000000	  0.000000	  0.000000	  0.000000	  0.000000	  0.000000	  0.000000	  0.000000	  0.000000	  0.000000	  0.000000	  0.000000	  0.000000	  0.000000	  0.000000	  0.000000	  0.000000	  0.000000	  0.000000	  0.000000	  0.000000	  0.000000	  0.000000	  0.000000	  0.000000	  0.000000	  0.000000	  0.000000	  0.000000	  0.000000	599.042559	1326.035105	1994.653705	3324.543141	3402.661819	3956.428899	3633.485575	2870.205308	2681.558628	2508.760686	2426.185892	2409.600072	2417.373395	2500.129058	2588.418367	2676.237845	2761.377255	2843.672722	2922.518919	2997.378356	3067.690250	3133.038193	3193.163170	3248.236833	3298.428181	3344.138591	3385.731557	3423.622325	3458.271145	3490.113785	3519.573005	3547.034943	3572.876396
     1	     0	  0.000000	  0.000000	  0.000000	  0.000000	  0.000000	  0.000000	  0.000000	  0.000000	  0.000000	  0.000000	  0.000000	  0.000000	  0.000000	  0.000000	  0.000000	  0.000000	  0.000000	  0.000000	  0.000000	  0.000000	  0.000000	  0.000000	  0.000000	  0.000000	  0.000000	  0.000000	  0.000000	  0.000000	  0.000000	  0.000000	  0.000000	  0.000000	599.042559	1326.035106	1994.653709	3324.543151	3402.661829	3956.428909	3633.485584	2870.205312	2681.558633	2509.335099	2428.040939	2412.693994	2421.611092	2505.561934	2595.009827	2683.926140	2770.073716	2853.258785	2932.859877	3008.337794	3079.118798	3144.775119	3205.035746	3260.110592	3310.179676	3355.677332	3396.986308	3434.536801	3468.808248	3500.251798	3529.304125	3556.360227	3581.799985
     2	     0	  0.000000	  0.000000	  0.000000	  0.000000	  0.000000	  0.000000	  0.000000	  0.000000	  0.000000	  0.000000	  0.000000	  0.000000	  0.000000	  0.000000	  0.000000	  0.000000	  0.000000	  0.000000	  0.000000	  0.000000	  0.000000	  0.000000	  0.000000	  0.000000	  0.000000	  0.000000	  0.000000	  0.000000	  0.000000	  0.000000	  0.000000	  0.000000	599.042559	1326.035106	1994.653710	3324.543154	3402.661832	3956.428911	3633.485586	2870.205314	2681.558634	2509.564851	2428.777455	2413.915319	2423.275167	2507.684131	2597.570656	2686.896295	2773.413720	2856.917562	2936.780815	3012.464871	3083.391478	3149.128992	3209.402297	3264.438158	3314.421680	3359.801249	3400.967685	3438.357140	3472.456647	3503.723281	3532.599006	3559.481947	3584.752400
     3	     0	  0.000000	  0.000000	  0.000000	  0.000000	  0.000000	  0.000000	  0.000000	  0.000000	  0.000000	  0.000000	  0.000000	  0.000000	  0.000000	  0.000000	  0.000000	  0.000000	  0.000000	  0.000000	  0.000000	  0.000000	  0.000000	  0.000000	  0.000000	  0.000000	  0.000000	  0.000000	  0.000000	  0.000000	  0.000000	  0.000000	  0.000000	  0.000000	599.042559	1326.035106	1994.653711	3324.543155	3402.661833	3956.428913	3633.485587	2870.205314	2681.558635	2509.767177	2429.423007	2414.981887	2424.723592	2509.525265	2599.784902	2689.455612	2776.281505	2860.047302	2940.121671	3015.967169	3087.001966	3152.791414	3213.057240	3268.041646	3317.934539	3363.196952	3404.226912	3441.465749	3475.407044	3506.512899	3535.229722	3561.958136	3587.078351
     4	     0	  0.000000	  0.000000	  0.000000	  0.000000	  0.000000	  0.000000	  0.000000	  0.000000	  0.000000	  0.000000	  0.000000	  0.000000	  0.000000	  0.000000	  0.000000	  0.000000	  0.000000	  0.000000	  0.000000	  0.000000	  0.000000	  0.000000	  0.000000	  0.000000	  0.000000	  0.000000	  0.000000	  0.000000	  0.000000	  0.000000	  0.000000	  0.000000	599.042559	1326.035107	1994.653711	3324.543156	3402.661834	3956.428914	3633.485587	2870.205315	2681.558635	2509.947277	2429.995036	2415.923651	2425.998500	2511.140796	2601.721680	2691.686940	2778.773426	2862.757342	2943.003972	3018.977433	3090.093039	3155.913827	3216.159133	3271.085279	3320.886702	3366.035820	3406.937116	3444.036447	3477.833074	3508.793388	3537.367550	3563.958174	3588.945035
     5	     0	  0.000000	  0.000000	  0.000000	  0.000000	  0.000000	  0.000000	  0.000000	  0.000000	  0.000000	  0.000000	  0.000000	  0.000000	  0.000000	  0.000000	  0.000000	  0.000000	  0.000000	  0.000000	  0.000000	  0.000000	  0.000000	  0.000000	  0.000000	  0.000000	  0.000000	  0.000000	  0.000000	  0.000000	  0.000000	  0.000000	  0.000000	  0.000000	599.042559	1326.035107	1994.653711	3324.543157	3402.661835	3956.428915	3633.485588	2870.205315	2681.558636	2510.109002	2430.506455	2416.762802	2427.131106	2512.571800	2603.432140	2693.651526	2780.960616	2865.128244	2945.517061	3021.592993	3092.769066	3158.606549	3218.823004	3273.687665	3323.399235	3368.440396	3409.221435	3446.192191	3479.856877	3510.685564	3539.131595	3565.599184	3590.467422
     6	     0	  0.000000	  0.000000	  0.000000	  0.000000	  0.000000	  0.000000	  0.000000	  0.000000	  0.000000	  0.000000	  0.000000	  0.000000	  0.000000	  0.000000	  0.000000	  0.000000	  0.000000	  0.000000	  0.000000	  0.000000	  0.000000	  0.000000	  0.000000	  0.000000	  0.000000	  0.000000	  0.000000	  0.000000	  0.000000	  0.000000	  0.000000	  0.000000	599.042558	1326.035107	1994.653712	3324.543158	3402.661836	3956.428916	3633.485589	2870.205315	2681.558636	2510.255284	2430.967109	2417.516252	2428.145183	2513.849524	2604.955138	2695.395823	2782.896920	2867.220856	2947.728233	3023.886945	3095.108178	3160.951866	3221.134294	3275.936511	3325.561233	3370.500414	3411.169574	3448.022080	3481.566479	3512.276023	3540.606768	3566.964212	3591.726592
     7	     0	  0.000000	  0.000000	  0.000000	  0.000000	  0.000000	  0.000000	  0.000000	  0.000000	  0.000000	  0.000000	  0.000000	  0.000000	  0.000000	  0.000000	  0.000000	  0.000000	  0.000000	  0.000000	  0.000000	  0.000000	  0.000000	  0.000000	  0.000000	  0.000000	  0.000000	  0.000000	  0.000000	  0.000000	  0.000000	  0.000000	  0.000000	  0.000000	599.042558	1326.035107	1994.653712	3324.543159	3402.661837	3956.428917	3633.485590	2870.205316	2681.558637	2510.388416	2431.384682	2418.197189	2429.059245	2514.998265	2606.320840	2696.955819	2784.623960	2869.082085	2949.689220	3025.915305	3097.170050	3163.012396	3223.157755	3277.897994	3327.439607	3372.282942	3412.848251	3449.592044	3483.026686	3513.628188	3541.854932	3568.113447	3592.781012
     8	     0	  0.000000	  0.000000	  0.000000	  0.000000	  0.000000	  0.000000	  0.000000	  0.000000	  0.000000	  0.000000	  0.000000	  0.000000	  0.000000	  0.000000	  0.000000	  0.000000	  0.000000	  0.000000	  0.000000	  0.000000	  0.000000	  0.000000	  0.000000	  0.000000	  0.000000	  0.000000	  0.000000	  0.000000	  0.000000	  0.000000	  0.000000	  0.000000	599.042558	1326.035107	1994.653712	3324.543160	3402.661838	3956.428918	3633.485591	2870.205316	2681.558637	2510.510223	2431.765290	2418.816092	2429.887981	2516.037266	2607.553081	2698.359889	2786.174473	2870.748729	2951.440482	3027.721753	3099.001058	3164.836629	3224.943325	3279.622935	3329.085511	3373.839015	3414.307997	3450.951779	3484.286105	3514.789394	3542.922031	3569.091375	3593.673677
     9	     0	  0.000000	  0.000000	  0.000000	  0.000000	  0.000000	  0.000000	  0.000000	  0.000000	  0.000000	  0.000000	  0.000000	  0.000000	  0.000000	  0.000000	  0.000000	  0.000000	  0.000000	  0.000000	  0.000000	  0.000000	  0.000000	  0.000000	  0.000000	  0.000000	  0.000000	  0.000000	  0.000000	  0.000000	  0.000000	  0.000000	  0.000000	  0.000000	599.042558	1326.035107	1994.653713	3324.543161	3402.661839	3956.428918	3633.485591	2870.205317	2681.558638	2510.622186	2432.113884	2419.381428	2430.643230	2516.982005	2608.670994	2699.630753	2787.574602	2872.250091	2953.014144	3029.340857	3100.637789	3166.462684	3226.530110	3281.150973	3330.538670	3375.208095	3415.587708	3452.139364	3485.381810	3515.795577	3543.842784	3569.931454	3594.436778
    10	     0	  0.000000	  0.000000	  0.000000	  0.000000	  0.000000	  0.000000	  0.000000	  0.000000	  0.000000	  0.000000	  0.000000	  0.000000	  0.000000	  0.000000	  0.000000	  0.000000	  0.000000	  0.000000	  0.000000	  0.000000	  0.000000	  0.000000	  0.000000	  0.000000	  0.000000	  0.000000	  0.000000	  0.000000	  0.000000	  0.000000	  0.000000	  0.000000	599.042558	1326.035107	1994.653713	3324.543162	3402.661839	3956.428919	3633.485592	2870.205317	2681.558638	2510.725522	2432.434522	2419.900123	2431.334665	2517.845098	2609.690136	2700.786839	2788.845502	2873.609818	2954.436051	3030.800348	3102.109497	3167.920939	3227.949158	3282.513453	3331.830372	3376.421130	3416.717763	3453.184412	3486.342505	3516.674437	3544.643833	3570.659249	3595.094798
    11	     0	  0.000000	  0.000000	  0.000000	  0.000000	  0.000000	  0.000000	  0.000000	  0.000000	  0.000000	  0.000000	  0.000000	  0.000000	  0.000000	  0.000000	  0.000000	  0.000000	  0.000000	  0.000000	  0.000000	  0.000000	  0.000000	  0.000000	  0.000000	  0.000000	  0.000000	  0.000000	  0.000000	  0.000000	  0.000000	  0.000000	  0.000000	  0.000000	599.042558	1326.035107	1994.653713	3324.543163	3402.661840	3956.428920	3633.485592	2870.205317	2681.558638	2510.821243	2432.730575	2420.377917	2431.970278	2518.636947	2610.623304	2701.843272	2790.004487	2874.847209	2955.727239	3032.122728	3103.439851	3169.235890	3229.225417	3283.735470	3332.985568	3377.502706	3417.722195	3454.110254	3487.190715	3517.447621	3545.345914	3571.294574	3595.666635
    12	     0	  0.000000	  0.000000	  0.000000	  0.000000	  0.000000	  0.000000	  0.000000	  0.000000	  0.000000	  0.000000	  0.000000	  0.000000	  0.000000	  0.000000	  0.000000	  0.000000	  0.000000	  0.000000	  0.000000	  0.000000	  0.000000	  0.000000	  0.000000	  0.000000	  0.000000	  0.000000	  0.000000	  0.000000	  0.000000	  0.000000	  0.000000	  0.000000	599.042558	1326.035108	1994.653713	3324.543163	3402.661841	3956.428921	3633.485593	2870.205318	2681.558639	2510.910201	2433.004870	2420.819614	2432.556745	2519.366219	2611.481135	2702.812590	2791.065875	2875.978184	2956.905010	3033.326455	3104.648206	3170.427510	3230.379159	3284.837343	3334.024385	3378.472579	3418.620248	3454.935501	3487.944336	3518.132262	3545.965374	3571.852986	3596.167069
    13	     0	  0.000000	  0.000000	  0.000000	  0.000000	  0.000000	  0.000000	  0.000000	  0.000000	  0.000000	  0.000000	  0.000000	  0.000000	  0.000000	  0.000000	  0.000000	  0.000000	  0.000000	  0.000000	  0.000000	  0.000000	  0.000000	  0.000000	  0.000000	  0.000000	  0.000000	  0.000000	  0.000000	  0.000000	  0.000000	  0.000000	  0.000000	  0.000000	599.042558	1326.035108	1994.653714	3324.543164	3402.661841	3956.428921	3633.485594	2870.205318	2681.558639	2510.993120	2433.259801	2421.229269	2433.099690	2520.040199	2612.272552	2703.705284	2792.041619	2877.015995	2957.983728	3034.426808	3105.750542	3171.512238	3231.427016	3285.835690	3334.963228	3379.346796	3419.427492	3455.675157	3488.617743	3518.742070	3546.515245	3572.346845	3596.607796
    14	     0	  0.000000	  0.000000	  0.000000	  0.000000	  0.000000	  0.000000	  0.000000	  0.000000	  0.000000	  0.000000	  0.000000	  0.000000	  0.000000	  0.000000	  0.000000	  0.000000	  0.000000	  0.000000	  0.000000	  0.000000	  0.000000	  0.000000	  0.000000	  0.000000	  0.000000	  0.000000	  0.000000	  0.000000	  0.000000	  0.000000	  0.000000	  0.000000	599.042558	1326.035108	1994.653714	3324.543165	3402.661842	3956.428922	3633.485594	2870.205318	2681.558639	2511.070618	2433.497411	2421.610337	2433.603889	2520.665063	2613.005096	2704.530204	2792.941775	2877.971766	2958.975421	3035.436552	3106.760172	3172.503729	3232.382761	3286.744226	3335.815591	3380.138513	3420.156655	3456.341443	3489.222606	3519.288136	3547.006033	3572.786080	3596.998178
