     0	     0	  0.000000	  0.000000	  0.000000	  0.000000	  0.000000	  0.000000	  0.000000	  0.000000	  0.000000	  0.000000	  0.000000	  0.000000	  0.000000	  0.000000	  0.000000	  0.000000	  0.000000	  0.000000	  0.000000	  0.000000	  0.000000	  0.000000	  0.000000	  0.000000	  0.000000	  0.000000	  0.000000	  0.000000	  0.000000	  0.000000	  0.000000	  0.000000	  0.000000	16997.340553	37938.985872	192664.448017	262138.237134	325105.109751	378487.982782	361834.233850	359096.917740	351607.929994	351042.078708	352642.338691	354417.522743	367932.220759	379309.902313	388022.265507	407985.847275	430019.316234	433941.172187	432446.847836	434613.623019	452549.497296	460762.685038	474195.469402	478525.080715	483207.784635	489228.642435	493217.272179	496788.402283	499658.524213	501908.922636	502468.492274	505180.734944	  0.000000	  0.000000	  0.000000	  0.000000	  0.000000	  0.000000	  0.000000	  0.000000	  0.000000	  0.000000	  0.000000	  0.000000	  0.000000	  0.000000	  0.000000	  0.000000	  0.000000	  0.000000	  0.000000	  0.000000	  0.000000	  0.000000	  0.000000	  0.000000	  0.000000	  0.000000	  0.000000
     1	     0	  0.000000	  0.000000	  0.000000	  0.000000	  0.000000	  0.000000	  0.000000	  0.000000	  0.000000	  0.000000	  0.000000	  0.000000	  0.000000	  0.000000	  0.000000	  0.000000	  0.000000	  0.000000	  0.000000	  0.000000	  0.000000	  0.000000	  0.000000	  0.000000	  0.000000	  0.000000	  0.000000	  0.000000	  0.000000	  0.000000	  0.000000	  0.000000	  0.000000	16997.340464	37938.985750	192664.447744	262138.236865	325105.109500	378487.982829	361834.234103	359096.918314	351834.239197	351878.664121	354131.112898	356774.856611	371658.233378	384633.543100	394751.875522	416996.095256	441018.087019	444778.165801	442293.123192	443918.092159	464272.525886	473289.950262	488699.776702	493751.909755	498881.503634	505633.240084	510095.417279	513975.612778	516784.510369	518793.006597	519470.813534	524647.231210	  0.000000	  0.000000	  0.000000	  0.000000	  0.000000	  0.000000	  0.000000	  0.000000	  0.000000	  0.000000	  0.000000	  0.000000	  0.000000	  0.000000	  0.000000	  0.000000	  0.000000	  0.000000	  0.000000	  0.000000	  0.000000	  0.000000	  0.000000	  0.000000	  0.000000	  0.000000	  0.000000
     2	     0	  0.000000	  0.000000	  0.000000	  0.000000	  0.000000	  0.000000	  0.000000	  0.000000	  0.000000	  0.000000	  0.000000	  0.000000	  0.000000	  0.000000	  0.000000	  0.000000	  0.000000	  0.000000	  0.000000	  0.000000	  0.000000	  0.000000	  0.000000	  0.000000	  0.000000	  0.000000	  0.000000	  0.000000	  0.000000	  0.000000	  0.000000	  0.000000	  0.000000	16997.340442	37938.985719	192664.447676	262138.236798	325105.109438	378487.982841	361834.234166	359096.918457	351929.939751	352229.038879	354749.248669	357749.992428	373201.058876	386842.618750	397530.172457	420712.226609	445535.120042	449156.086756	446184.979901	447533.164235	468888.891720	478219.793587	494456.840665	499797.551768	505090.910301	512125.775963	516755.954858	520724.675610	523452.629942	525305.224535	526057.478102	532523.941329	  0.000000	  0.000000	  0.000000	  0.000000	  0.000000	  0.000000	  0.000000	  0.000000	  0.000000	  0.000000	  0.000000	  0.000000	  0.000000	  0.000000	  0.000000	  0.000000	  0.000000	  0.000000	  0.000000	  0.000000	  0.000000	  0.000000	  0.000000	  0.000000	  0.000000	  0.000000	  0.000000
     3	     0	  0.000000	  0.000000	  0.000000	  0.000000	  0.000000	  0.000000	  0.000000	  0.000000	  0.000000	  0.000000	  0.000000	  0.000000	  0.000000	  0.000000	  0.000000	  0.000000	  0.000000	  0.000000	  0.000000	  0.000000	  0.000000	  0.000000	  0.000000	  0.000000	  0.000000	  0.000000	  0.000000	  0.000000	  0.000000	  0.000000	  0.000000	  0.000000	  0.000000	16997.340432	37938.985705	192664.447645	262138.236767	325105.109409	378487.982846	361834.234196	359096.918523	352016.360441	352543.607492	355301.478185	358619.152646	374576.458616	388813.398872	399999.744955	424010.671889	449531.380222	452990.195845	449549.032173	450625.626399	472866.540594	482463.525666	499433.268706	505019.990942	510442.851783	517712.094339	522469.335962	526487.801230	529106.886163	530784.268565	531610.898118	539359.444700	  0.000000	  0.000000	  0.000000	  0.000000	  0.000000	  0.000000	  0.000000	  0.000000	  0.000000	  0.000000	  0.000000	  0.000000	  0.000000	  0.000000	  0.000000	  0.000000	  0.000000	  0.000000	  0.000000	  0.000000	  0.000000	  0.000000	  0.000000	  0.000000	  0.000000	  0.000000	  0.000000
     4	     0	  0.000000	  0.000000	  0.000000	  0.000000	  0.000000	  0.000000	  0.000000	  0.000000	  0.000000	  0.000000	  0.000000	  0.000000	  0.000000	  0.000000	  0.000000	  0.000000	  0.000000	  0.000000	  0.000000	  0.000000	  0.000000	  0.000000	  0.000000	  0.000000	  0.000000	  0.000000	  0.000000	  0.000000	  0.000000	  0.000000	  0.000000	  0.000000	  0.000000	16997.340422	37938.985692	192664.447615	262138.236738	325105.109382	378487.982852	361834.234223	359096.918586	352094.823251	352827.670390	355797.915921	359398.768959	375810.060054	390581.619740	402207.127976	426953.490381	453084.358183	456366.139841	452474.748221	453288.710443	476313.607196	486136.605009	503754.690497	509549.828424	515072.577851	522533.289147	527381.933705	531417.058675	533905.109895	535392.862966	536290.526238	545291.336488	  0.000000	  0.000000	  0.000000	  0.000000	  0.000000	  0.000000	  0.000000	  0.000000	  0.000000	  0.000000	  0.000000	  0.000000	  0.000000	  0.000000	  0.000000	  0.000000	  0.000000	  0.000000	  0.000000	  0.000000	  0.000000	  0.000000	  0.000000	  0.000000	  0.000000	  0.000000	  0.000000
     5	     0	  0.000000	  0.000000	  0.000000	  0.000000	  0.000000	  0.000000	  0.000000	  0.000000	  0.000000	  0.000000	  0.000000	  0.000000	  0.000000	  0.000000	  0.000000	  0.000000	  0.000000	  0.000000	  0.000000	  0.000000	  0.000000	  0.000000	  0.000000	  0.000000	  0.000000	  0.000000	  0.000000	  0.000000	  0.000000	  0.000000	  0.000000	  0.000000	  0.000000	16997.340413	37938.985679	192664.447587	262138.236710	325105.109356	378487.982856	361834.234249	359096.918645	352166.402233	353085.514499	356246.683091	360102.018251	376922.505331	392176.257770	404190.158975	429591.535907	456257.827523	459353.760167	455034.007182	455596.523412	479317.411717	489332.655918	507524.558802	513495.476640	519093.110189	526708.431216	531618.445063	535643.181804	537983.924937	539272.793107	540237.034468	550446.667960	  0.000000	  0.000000	  0.000000	  0.000000	  0.000000	  0.000000	  0.000000	  0.000000	  0.000000	  0.000000	  0.000000	  0.000000	  0.000000	  0.000000	  0.000000	  0.000000	  0.000000	  0.000000	  0.000000	  0.000000	  0.000000	  0.000000	  0.000000	  0.000000	  0.000000	  0.000000	  0.000000
     6	     0	  0.000000	  0.000000	  0.000000	  0.000000	  0.000000	  0.000000	  0.000000	  0.000000	  0.000000	  0.000000	  0.000000	  0.000000	  0.000000	  0.000000	  0.000000	  0.000000	  0.000000	  0.000000	  0.000000	  0.000000	  0.000000	  0.000000	  0.000000	  0.000000	  0.000000	  0.000000	  0.000000	  0.000000	  0.000000	  0.000000	  0.000000	  0.000000	  0.000000	16997.340404	37938.985667	192664.447561	262138.236684	325105.109332	378487.982861	361834.234274	359096.918700	352231.981454	353320.649068	356654.382690	360739.599980	377930.619719	393621.067466	405979.911791	431966.829567	459104.638545	462010.394751	457284.974145	457608.414001	481948.875335	492127.976030	510828.311862	516947.046686	522598.851318	530337.699793	535284.461655	539277.499157	541460.049288	542545.500692	543571.916792	554939.338852	  0.000000	  0.000000	  0.000000	  0.000000	  0.000000	  0.000000	  0.000000	  0.000000	  0.000000	  0.000000	  0.000000	  0.000000	  0.000000	  0.000000	  0.000000	  0.000000	  0.000000	  0.000000	  0.000000	  0.000000	  0.000000	  0.000000	  0.000000	  0.000000	  0.000000	  0.000000	  0.000000
     7	     0	  0.000000	  0.000000	  0.000000	  0.000000	  0.000000	  0.000000	  0.000000	  0.000000	  0.000000	  0.000000	  0.000000	  0.000000	  0.000000	  0.000000	  0.000000	  0.000000	  0.000000	  0.000000	  0.000000	  0.000000	  0.000000	  0.000000	  0.000000	  0.000000	  0.000000	  0.000000	  0.000000	  0.000000	  0.000000	  0.000000	  0.000000	  0.000000	  0.000000	16997.340396	37938.985656	192664.447536	262138.236660	325105.109309	378487.982865	361834.234297	359096.918752	352292.296581	353535.976987	357026.442422	361320.297270	378848.260273	394935.709354	407602.128694	434114.348853	461668.859010	464383.403803	459275.028442	459372.241115	484265.903224	494585.017014	513736.675443	519979.492704	525668.573535	533505.096561	538468.861903	542413.972226	544432.019311	545313.459988	546398.209356	558868.935557	  0.000000	  0.000000	  0.000000	  0.000000	  0.000000	  0.000000	  0.000000	  0.000000	  0.000000	  0.000000	  0.000000	  0.000000	  0.000000	  0.000000	  0.000000	  0.000000	  0.000000	  0.000000	  0.000000	  0.000000	  0.000000	  0.000000	  0.000000	  0.000000	  0.000000	  0.000000	  0.000000
     8	     0	  0.000000	  0.000000	  0.000000	  0.000000	  0.000000	  0.000000	  0.000000	  0.000000	  0.000000	  0.000000	  0.000000	  0.000000	  0.000000	  0.000000	  0.000000	  0.000000	  0.000000	  0.000000	  0.000000	  0.000000	  0.000000	  0.000000	  0.000000	  0.000000	  0.000000	  0.000000	  0.000000	  0.000000	  0.000000	  0.000000	  0.000000	  0.000000	  0.000000	16997.340389	37938.985646	192664.447513	262138.236636	325105.109288	378487.982869	361834.234318	359096.918801	352347.965585	353733.921915	357367.367427	361851.390285	379686.944854	396136.593947	409078.301290	436063.400844	463987.440892	466512.128715	461043.004334	460926.850942	486316.010645	496755.112944	516308.332996	522655.217086	528367.967249	536280.876604	541246.105413	545131.354007	546982.263252	547662.160646	548802.099785	562320.910269	  0.000000	  0.000000	  0.000000	  0.000000	  0.000000	  0.000000	  0.000000	  0.000000	  0.000000	  0.000000	  0.000000	  0.000000	  0.000000	  0.000000	  0.000000	  0.000000	  0.000000	  0.000000	  0.000000	  0.000000	  0.000000	  0.000000	  0.000000	  0.000000	  0.000000	  0.000000	  0.000000
     9	     0	  0.000000	  0.000000	  0.000000	  0.000000	  0.000000	  0.000000	  0.000000	  0.000000	  0.000000	  0.000000	  0.000000	  0.000000	  0.000000	  0.000000	  0.000000	  0.000000	  0.000000	  0.000000	  0.000000	  0.000000	  0.000000	  0.000000	  0.000000	  0.000000	  0.000000	  0.000000	  0.000000	  0.000000	  0.000000	  0.000000	  0.000000	  0.000000	  0.000000	16997.340382	37938.985636	192664.447491	262138.236615	325105.109268	378487.982873	361834.234339	359096.918847	352399.511876	353916.524264	357680.929782	362338.966046	380456.326299	397237.523651	410426.498916	437838.690445	466091.532919	468429.426327	462620.921637	462303.971872	488138.378740	498680.637167	518592.101290	525026.242928	530751.821178	538723.714214	543678.381810	547495.338578	549179.300723	549662.363675	550855.000219	565367.637741	  0.000000	  0.000000	  0.000000	  0.000000	  0.000000	  0.000000	  0.000000	  0.000000	  0.000000	  0.000000	  0.000000	  0.000000	  0.000000	  0.000000	  0.000000	  0.000000	  0.000000	  0.000000	  0.000000	  0.000000	  0.000000	  0.000000	  0.000000	  0.000000	  0.000000	  0.000000	  0.000000
    10	     0	  0.000000	  0.000000	  0.000000	  0.000000	  0.000000	  0.000000	  0.000000	  0.000000	  0.000000	  0.000000	  0.000000	  0.000000	  0.000000	  0.000000	  0.000000	  0.000000	  0.000000	  0.000000	  0.000000	  0.000000	  0.000000	  0.000000	  0.000000	  0.000000	  0.000000	  0.000000	  0.000000	  0.000000	  0.000000	  0.000000	  0.000000	  0.000000	  0.000000	16997.340375	37938.985627	192664.447470	262138.236594	325105.109248	378487.982877	361834.234358	359096.918891	352447.382049	354085.514733	357970.312731	362788.154097	381164.555063	398250.187782	411662.011620	439461.160404	468007.523199	470162.879833	464035.332589	463529.675258	489765.473346	500396.715850	520628.706390	527136.022650	532865.874598	540882.599075	545817.556152	549560.579295	551079.874376	551372.355707	552615.730666	568069.907236	  0.000000	  0.000000	  0.000000	  0.000000	  0.000000	  0.000000	  0.000000	  0.000000	  0.000000	  0.000000	  0.000000	  0.000000	  0.000000	  0.000000	  0.000000	  0.000000	  0.000000	  0.000000	  0.000000	  0.000000	  0.000000	  0.000000	  0.000000	  0.000000	  0.000000	  0.000000	  0.000000
    11	     0	  0.000000	  0.000000	  0.000000	  0.000000	  0.000000	  0.000000	  0.000000	  0.000000	  0.000000	  0.000000	  0.000000	  0.000000	  0.000000	  0.000000	  0.000000	  0.000000	  0.000000	  0.000000	  0.000000	  0.000000	  0.000000	  0.000000	  0.000000	  0.000000	  0.000000	  0.000000	  0.000000	  0.000000	  0.000000	  0.000000	  0.000000	  0.000000	  0.000000	16997.340368	37938.985618	192664.447450	262138.236575	325105.109230	378487.982880	361834.234376	359096.918932	352491.959697	354242.371369	358238.221900	363203.308133	381818.560086	399184.548897	412797.854668	440948.657855	469757.873355	471735.760610	465308.376947	464625.509101	491224.325614	501932.593818	522452.232673	529020.937082	534748.375902	542798.466202	547706.877994	551372.500021	552730.893426	552840.031877	554132.589429	570478.536880	  0.000000	  0.000000	  0.000000	  0.000000	  0.000000	  0.000000	  0.000000	  0.000000	  0.000000	  0.000000	  0.000000	  0.000000	  0.000000	  0.000000	  0.000000	  0.000000	  0.000000	  0.000000	  0.000000	  0.000000	  0.000000	  0.000000	  0.000000	  0.000000	  0.000000	  0.000000	  0.000000
    12	     0	  0.000000	  0.000000	  0.000000	  0.000000	  0.000000	  0.000000	  0.000000	  0.000000	  0.000000	  0.000000	  0.000000	  0.000000	  0.000000	  0.000000	  0.000000	  0.000000	  0.000000	  0.000000	  0.000000	  0.000000	  0.000000	  0.000000	  0.000000	  0.000000	  0.000000	  0.000000	  0.000000	  0.000000	  0.000000	  0.000000	  0.000000	  0.000000	  0.000000	16997.340362	37938.985609	192664.447432	262138.236557	325105.109213	378487.982883	361834.234393	359096.918971	352533.576287	354388.364362	358486.972068	363588.147609	382424.268791	400049.147501	413845.168201	442316.467384	471361.789985	473167.796564	466458.613516	465609.383334	492537.549138	503312.726107	524091.303837	530711.532279	536431.382398	544505.575478	549382.448048	552968.868501	554171.133982	554104.726791	555445.197927	572635.925050	  0.000000	  0.000000	  0.000000	  0.000000	  0.000000	  0.000000	  0.000000	  0.000000	  0.000000	  0.000000	  0.000000	  0.000000	  0.000000	  0.000000	  0.000000	  0.000000	  0.000000	  0.000000	  0.000000	  0.000000	  0.000000	  0.000000	  0.000000	  0.000000	  0.000000	  0.000000	  0.000000
    13	     0	  0.000000	  0.000000	  0.000000	  0.000000	  0.000000	  0.000000	  0.000000	  0.000000	  0.000000	  0.000000	  0.000000	  0.000000	  0.000000	  0.000000	  0.000000	  0.000000	  0.000000	  0.000000	  0.000000	  0.000000	  0.000000	  0.000000	  0.000000	  0.000000	  0.000000	  0.000000	  0.000000	  0.000000	  0.000000	  0.000000	  0.000000	  0.000000	  0.000000	16997.340357	37938.985601	192664.447414	262138.236539	325105.109197	378487.982887	361834.234410	359096.919009	352572.519827	354524.591563	358718.555588	363945.869325	382986.781150	400851.344632	414813.536531	443577.740358	472835.768180	474475.789159	467501.679185	466496.265172	493724.150939	504557.652532	525570.044780	532233.536174	537941.836611	546032.665475	550874.455294	554381.132106	555432.685585	555198.772346	556586.081319	574577.446707	  0.000000	  0.000000	  0.000000	  0.000000	  0.000000	  0.000000	  0.000000	  0.000000	  0.000000	  0.000000	  0.000000	  0.000000	  0.000000	  0.000000	  0.000000	  0.000000	  0.000000	  0.000000	  0.000000	  0.000000	  0.000000	  0.000000	  0.000000	  0.000000	  0.000000	  0.000000	  0.000000
    14	     0	  0.000000	  0.000000	  0.000000	  0.000000	  0.000000	  0.000000	  0.000000	  0.000000	  0.000000	  0.000000	  0.000000	  0.000000	  0.000000	  0.000000	  0.000000	  0.000000	  0.000000	  0.000000	  0.000000	  0.000000	  0.000000	  0.000000	  0.000000	  0.000000	  0.000000	  0.000000	  0.000000	  0.000000	  0.000000	  0.000000	  0.000000	  0.000000	  0.000000	16997.340351	37938.985594	192664.447397	262138.236522	325105.109181	378487.982889	361834.234425	359096.919044	352609.041832	354652.006917	358934.696849	364279.236192	383510.508657	401597.516646	415711.245220	444743.842907	474194.033767	475674.111411	468450.814094	467298.728369	494800.180522	505684.700265	526908.864885	533608.692131	539302.453006	547403.910243	552208.207775	555635.533935	556542.158740	556148.794849	557581.988832	576332.661293	  0.000000	  0.000000	  0.000000	  0.000000	  0.000000	  0.000000	  0.000000	  0.000000	  0.000000	  0.000000	  0.000000	  0.000000	  0.000000	  0.000000	  0.000000	  0.000000	  0.000000	  0.000000	  0.000000	  0.000000	  0.000000	  0.000000	  0.000000	  0.000000	  0.000000	  0.000000	  0.000000
