     0	     0	  0.000000	  0.000000	  0.000000	  0.000000	  0.000000	  0.000000	  0.000000	  0.000000	  0.000000	  0.000000	  0.000000	  0.000000	  0.000000	  0.000000	  0.000000	  0.000000	  0.000000	  0.000000	  0.000000	  0.000000	  0.000000	  0.000000	  0.000000	  0.000000	  0.000000	  0.000000	  0.000000	  0.000000	  0.000000	  0.000000	  0.000000	  0.000000	  0.000000	  0.000000	8393.845496	44281.233918	61873.674206	74342.938861	71034.963532	57838.527606	56184.854569	54517.783053	54519.910375	54750.845866	55415.912621	59910.507062	64757.719412	69719.714996	79094.476537	90669.223885	97110.797061	102007.138766	108730.312094	122114.469957	131804.375212	144441.531878	153547.705480	162661.256540	171275.543092	178262.163250	184076.056727	188883.068383	192725.934360	195101.398781	198351.741656	  0.000000	  0.000000	  0.000000	  0.000000	  0.000000	  0.000000	  0.000000	  0.000000	  0.000000	  0.000000	  0.000000	  0.000000	  0.000000	  0.000000	  0.000000	  0.000000	  0.000000	  0.000000	  0.000000	  0.000000	  0.000000	  0.000000	  0.000000	  0.000000	  0.000000	  0.000000	  0.000000
     1	     0	  0.000000	  0.000000	  0.000000	  0.000000	  0.000000	  0.000000	  0.000000	  0.000000	  0.000000	  0.000000	  0.000000	  0.000000	  0.000000	  0.000000	  0.000000	  0.000000	  0.000000	  0.000000	  0.000000	  0.000000	  0.000000	  0.000000	  0.000000	  0.000000	  0.000000	  0.000000	  0.000000	  0.000000	  0.000000	  0.000000	  0.000000	  0.000000	  0.000000	  0.000000	8393.845478	44281.233866	61873.674123	74342.938730	71034.963385	57838.527480	56184.854513	54526.055685	54819.347823	55406.982025	56523.034548	61711.473697	67431.193247	73340.117951	84231.108878	97557.447031	104944.530119	110398.433306	117906.807677	133671.011773	144880.349194	159860.857937	170629.419626	181338.401450	191580.559848	199984.240547	207045.136882	212880.669505	217655.632442	221147.043743	227160.198672	  0.000000	  0.000000	  0.000000	  0.000000	  0.000000	  0.000000	  0.000000	  0.000000	  0.000000	  0.000000	  0.000000	  0.000000	  0.000000	  0.000000	  0.000000	  0.000000	  0.000000	  0.000000	  0.000000	  0.000000	  0.000000	  0.000000	  0.000000	  0.000000	  0.000000	  0.000000	  0.000000
     2	     0	  0.000000	  0.000000	  0.000000	  0.000000	  0.000000	  0.000000	  0.000000	  0.000000	  0.000000	  0.000000	  0.000000	  0.000000	  0.000000	  0.000000	  0.000000	  0.000000	  0.000000	  0.000000	  0.000000	  0.000000	  0.000000	  0.000000	  0.000000	  0.000000	  0.000000	  0.000000	  0.000000	  0.000000	  0.000000	  0.000000	  0.000000	  0.000000	  0.000000	  0.000000	8393.845473	44281.233853	61873.674103	74342.938697	71034.963349	57838.527449	56184.854499	54529.266693	54943.265075	55677.672877	56981.102155	62461.531409	68552.723576	74862.780047	86402.519664	100475.245040	108240.865811	113893.845391	121698.450640	138468.182291	150293.169802	166258.816100	177705.896703	189056.137164	199955.205070	208924.576376	216477.336791	222707.282844	227844.385806	231847.777070	239292.075540	  0.000000	  0.000000	  0.000000	  0.000000	  0.000000	  0.000000	  0.000000	  0.000000	  0.000000	  0.000000	  0.000000	  0.000000	  0.000000	  0.000000	  0.000000	  0.000000	  0.000000	  0.000000	  0.000000	  0.000000	  0.000000	  0.000000	  0.000000	  0.000000	  0.000000	  0.000000	  0.000000
     3	     0	  0.000000	  0.000000	  0.000000	  0.000000	  0.000000	  0.000000	  0.000000	  0.000000	  0.000000	  0.000000	  0.000000	  0.000000	  0.000000	  0.000000	  0.000000	  0.000000	  0.000000	  0.000000	  0.000000	  0.000000	  0.000000	  0.000000	  0.000000	  0.000000	  0.000000	  0.000000	  0.000000	  0.000000	  0.000000	  0.000000	  0.000000	  0.000000	  0.000000	  0.000000	8393.845471	44281.233848	61873.674093	74342.938682	71034.963332	57838.527435	56184.854493	54532.053169	55053.871473	55918.622737	57389.192597	63131.760943	69558.270859	76228.668322	88354.110310	103098.044499	111189.615074	116999.486540	125048.399583	142713.601913	155070.932623	171907.945961	183941.584218	195838.975577	207298.207623	216743.592118	224703.855172	231250.395481	236678.642989	241147.607702	250001.438291	  0.000000	  0.000000	  0.000000	  0.000000	  0.000000	  0.000000	  0.000000	  0.000000	  0.000000	  0.000000	  0.000000	  0.000000	  0.000000	  0.000000	  0.000000	  0.000000	  0.000000	  0.000000	  0.000000	  0.000000	  0.000000	  0.000000	  0.000000	  0.000000	  0.000000	  0.000000	  0.000000
     4	     0	  0.000000	  0.000000	  0.000000	  0.000000	  0.000000	  0.000000	  0.000000	  0.000000	  0.000000	  0.000000	  0.000000	  0.000000	  0.000000	  0.000000	  0.000000	  0.000000	  0.000000	  0.000000	  0.000000	  0.000000	  0.000000	  0.000000	  0.000000	  0.000000	  0.000000	  0.000000	  0.000000	  0.000000	  0.000000	  0.000000	  0.000000	  0.000000	  0.000000	  0.000000	8393.845469	44281.233842	61873.674084	74342.938667	71034.963316	57838.527421	56184.854486	54534.503723	55153.253009	56134.468368	57754.900859	63733.781516	70463.867786	77458.670638	90113.594191	105461.550951	113833.537125	119765.241704	128014.731620	146476.349434	159292.778336	176897.996004	189435.876115	201796.576884	213728.972097	223569.455603	231860.870068	238653.813183	244308.189978	249193.946650	259411.205962	  0.000000	  0.000000	  0.000000	  0.000000	  0.000000	  0.000000	  0.000000	  0.000000	  0.000000	  0.000000	  0.000000	  0.000000	  0.000000	  0.000000	  0.000000	  0.000000	  0.000000	  0.000000	  0.000000	  0.000000	  0.000000	  0.000000	  0.000000	  0.000000	  0.000000	  0.000000	  0.000000
     5	     0	  0.000000	  0.000000	  0.000000	  0.000000	  0.000000	  0.000000	  0.000000	  0.000000	  0.000000	  0.000000	  0.000000	  0.000000	  0.000000	  0.000000	  0.000000	  0.000000	  0.000000	  0.000000	  0.000000	  0.000000	  0.000000	  0.000000	  0.000000	  0.000000	  0.000000	  0.000000	  0.000000	  0.000000	  0.000000	  0.000000	  0.000000	  0.000000	  0.000000	  0.000000	8393.845467	44281.233837	61873.674076	74342.938654	71034.963301	57838.527408	56184.854481	54536.682219	55243.062220	56328.910389	58084.350526	64277.091239	71282.831185	78570.389011	91704.788285	107596.991968	116210.187864	122234.809248	130648.299020	149818.157547	163030.034597	181311.412326	194281.215085	207032.087952	219361.384275	229526.212801	238082.234349	245061.038640	250885.154340	256140.995607	267661.428321	  0.000000	  0.000000	  0.000000	  0.000000	  0.000000	  0.000000	  0.000000	  0.000000	  0.000000	  0.000000	  0.000000	  0.000000	  0.000000	  0.000000	  0.000000	  0.000000	  0.000000	  0.000000	  0.000000	  0.000000	  0.000000	  0.000000	  0.000000	  0.000000	  0.000000	  0.000000	  0.000000
     6	     0	  0.000000	  0.000000	  0.000000	  0.000000	  0.000000	  0.000000	  0.000000	  0.000000	  0.000000	  0.000000	  0.000000	  0.000000	  0.000000	  0.000000	  0.000000	  0.000000	  0.000000	  0.000000	  0.000000	  0.000000	  0.000000	  0.000000	  0.000000	  0.000000	  0.000000	  0.000000	  0.000000	  0.000000	  0.000000	  0.000000	  0.000000	  0.000000	  0.000000	  0.000000	8393.845466	44281.233832	61873.674068	74342.938641	71034.963287	57838.527396	56184.854475	54538.636174	55324.631740	56504.947487	58382.543055	64769.535892	72026.307270	79578.724421	93148.170826	109531.573624	118352.336020	124446.157954	132993.193970	152793.371308	166345.820587	185222.142752	198561.164630	211639.368514	224299.933827	234728.623126	243492.817038	250606.948054	256553.758106	262137.344671	274893.906292	  0.000000	  0.000000	  0.000000	  0.000000	  0.000000	  0.000000	  0.000000	  0.000000	  0.000000	  0.000000	  0.000000	  0.000000	  0.000000	  0.000000	  0.000000	  0.000000	  0.000000	  0.000000	  0.000000	  0.000000	  0.000000	  0.000000	  0.000000	  0.000000	  0.000000	  0.000000	  0.000000
     7	     0	  0.000000	  0.000000	  0.000000	  0.000000	  0.000000	  0.000000	  0.000000	  0.000000	  0.000000	  0.000000	  0.000000	  0.000000	  0.000000	  0.000000	  0.000000	  0.000000	  0.000000	  0.000000	  0.000000	  0.000000	  0.000000	  0.000000	  0.000000	  0.000000	  0.000000	  0.000000	  0.000000	  0.000000	  0.000000	  0.000000	  0.000000	  0.000000	  0.000000	  0.000000	8393.845464	44281.233827	61873.674060	74342.938629	71034.963273	57838.527385	56184.854470	54540.401884	55399.051734	56665.040008	58653.607475	65217.653586	72703.687011	80496.343803	94461.366677	111288.944820	120288.454807	126432.109568	135087.409309	155449.354751	169295.305294	188695.440239	202349.806438	215701.917660	228637.994376	239279.670275	248205.113062	255413.406716	261444.767041	267318.966488	281242.677387	  0.000000	  0.000000	  0.000000	  0.000000	  0.000000	  0.000000	  0.000000	  0.000000	  0.000000	  0.000000	  0.000000	  0.000000	  0.000000	  0.000000	  0.000000	  0.000000	  0.000000	  0.000000	  0.000000	  0.000000	  0.000000	  0.000000	  0.000000	  0.000000	  0.000000	  0.000000	  0.000000
     8	     0	  0.000000	  0.000000	  0.000000	  0.000000	  0.000000	  0.000000	  0.000000	  0.000000	  0.000000	  0.000000	  0.000000	  0.000000	  0.000000	  0.000000	  0.000000	  0.000000	  0.000000	  0.000000	  0.000000	  0.000000	  0.000000	  0.000000	  0.000000	  0.000000	  0.000000	  0.000000	  0.000000	  0.000000	  0.000000	  0.000000	  0.000000	  0.000000	  0.000000	  0.000000	8393.845462	44281.233823	61873.674053	74342.938618	71034.963261	57838.527374	56184.854466	54542.007692	55467.224682	56811.227948	58900.984104	65626.934611	73322.929206	81334.057875	95659.567568	112889.642398	122043.228361	128220.954430	136963.563028	157827.121828	171926.317672	191788.255562	205711.953290	219292.880702	232457.518833	243269.877263	252318.109465	259587.653299	265673.295976	271806.169165	286829.106662	  0.000000	  0.000000	  0.000000	  0.000000	  0.000000	  0.000000	  0.000000	  0.000000	  0.000000	  0.000000	  0.000000	  0.000000	  0.000000	  0.000000	  0.000000	  0.000000	  0.000000	  0.000000	  0.000000	  0.000000	  0.000000	  0.000000	  0.000000	  0.000000	  0.000000	  0.000000	  0.000000
     9	     0	  0.000000	  0.000000	  0.000000	  0.000000	  0.000000	  0.000000	  0.000000	  0.000000	  0.000000	  0.000000	  0.000000	  0.000000	  0.000000	  0.000000	  0.000000	  0.000000	  0.000000	  0.000000	  0.000000	  0.000000	  0.000000	  0.000000	  0.000000	  0.000000	  0.000000	  0.000000	  0.000000	  0.000000	  0.000000	  0.000000	  0.000000	  0.000000	  0.000000	  0.000000	8393.845461	44281.233819	61873.674047	74342.938608	71034.963249	57838.527364	56184.854461	54543.476151	55529.905281	56945.218251	59127.562680	66002.021001	73890.815387	82101.129047	96755.893152	114351.501099	123638.036695	129837.046415	138649.609529	159962.050204	174280.111926	194549.936621	208703.811621	222475.673518	235829.569997	246777.711833	255917.539103	263222.403819	269338.715949	275703.074181	291760.085984	  0.000000	  0.000000	  0.000000	  0.000000	  0.000000	  0.000000	  0.000000	  0.000000	  0.000000	  0.000000	  0.000000	  0.000000	  0.000000	  0.000000	  0.000000	  0.000000	  0.000000	  0.000000	  0.000000	  0.000000	  0.000000	  0.000000	  0.000000	  0.000000	  0.000000	  0.000000	  0.000000
    10	     0	  0.000000	  0.000000	  0.000000	  0.000000	  0.000000	  0.000000	  0.000000	  0.000000	  0.000000	  0.000000	  0.000000	  0.000000	  0.000000	  0.000000	  0.000000	  0.000000	  0.000000	  0.000000	  0.000000	  0.000000	  0.000000	  0.000000	  0.000000	  0.000000	  0.000000	  0.000000	  0.000000	  0.000000	  0.000000	  0.000000	  0.000000	  0.000000	  0.000000	  0.000000	8393.845460	44281.233815	61873.674041	74342.938598	71034.963238	57838.527354	56184.854457	54544.825495	55587.730209	57068.450691	59335.788069	66346.862032	74413.153072	82805.523503	97761.699113	115690.021076	125091.400367	131301.349428	140169.497428	161884.594796	176392.168331	197023.052973	211373.851478	225304.909863	238815.281370	249870.571363	259076.886460	266396.896063	272525.718216	279098.512546	296128.098327	  0.000000	  0.000000	  0.000000	  0.000000	  0.000000	  0.000000	  0.000000	  0.000000	  0.000000	  0.000000	  0.000000	  0.000000	  0.000000	  0.000000	  0.000000	  0.000000	  0.000000	  0.000000	  0.000000	  0.000000	  0.000000	  0.000000	  0.000000	  0.000000	  0.000000	  0.000000	  0.000000
    11	     0	  0.000000	  0.000000	  0.000000	  0.000000	  0.000000	  0.000000	  0.000000	  0.000000	  0.000000	  0.000000	  0.000000	  0.000000	  0.000000	  0.000000	  0.000000	  0.000000	  0.000000	  0.000000	  0.000000	  0.000000	  0.000000	  0.000000	  0.000000	  0.000000	  0.000000	  0.000000	  0.000000	  0.000000	  0.000000	  0.000000	  0.000000	  0.000000	  0.000000	  0.000000	8393.845458	44281.233811	61873.674035	74342.938588	71034.963227	57838.527345	56184.854453	54546.070669	55641.240744	57182.148430	59527.742303	66664.836808	74894.939206	83454.118317	98686.838786	116918.691420	126419.377119	132631.924011	141543.756531	163620.956313	178292.962330	199244.236783	213763.734356	227827.433575	241466.988197	252606.014382	261858.727215	269178.358728	275305.907505	282067.595120	300012.269771	  0.000000	  0.000000	  0.000000	  0.000000	  0.000000	  0.000000	  0.000000	  0.000000	  0.000000	  0.000000	  0.000000	  0.000000	  0.000000	  0.000000	  0.000000	  0.000000	  0.000000	  0.000000	  0.000000	  0.000000	  0.000000	  0.000000	  0.000000	  0.000000	  0.000000	  0.000000	  0.000000
    12	     0	  0.000000	  0.000000	  0.000000	  0.000000	  0.000000	  0.000000	  0.000000	  0.000000	  0.000000	  0.000000	  0.000000	  0.000000	  0.000000	  0.000000	  0.000000	  0.000000	  0.000000	  0.000000	  0.000000	  0.000000	  0.000000	  0.000000	  0.000000	  0.000000	  0.000000	  0.000000	  0.000000	  0.000000	  0.000000	  0.000000	  0.000000	  0.000000	  0.000000	  0.000000	8393.845457	44281.233807	61873.674029	74342.938579	71034.963217	57838.527337	56184.854449	54547.224079	55690.900246	57287.357368	59705.209037	66958.851870	75340.492530	84052.872186	99539.884567	118049.271437	127635.909372	133844.352002	142790.009828	165193.684052	180008.668095	201244.980005	215909.213329	230083.340076	243829.374238	255033.038712	264316.148644	271623.593563	277739.545707	284673.504383	303479.851393	  0.000000	  0.000000	  0.000000	  0.000000	  0.000000	  0.000000	  0.000000	  0.000000	  0.000000	  0.000000	  0.000000	  0.000000	  0.000000	  0.000000	  0.000000	  0.000000	  0.000000	  0.000000	  0.000000	  0.000000	  0.000000	  0.000000	  0.000000	  0.000000	  0.000000	  0.000000	  0.000000
    13	     0	  0.000000	  0.000000	  0.000000	  0.000000	  0.000000	  0.000000	  0.000000	  0.000000	  0.000000	  0.000000	  0.000000	  0.000000	  0.000000	  0.000000	  0.000000	  0.000000	  0.000000	  0.000000	  0.000000	  0.000000	  0.000000	  0.000000	  0.000000	  0.000000	  0.000000	  0.000000	  0.000000	  0.000000	  0.000000	  0.000000	  0.000000	  0.000000	  0.000000	  0.000000	8393.845456	44281.233804	61873.674024	74342.938571	71034.963208	57838.527329	56184.854445	54548.296125	55737.107845	57384.977126	59869.724718	67231.419598	75753.561456	84606.966610	100328.314943	119092.033214	128753.125071	134952.102332	143923.413568	166622.206378	181561.783101	203052.358459	217840.961380	232106.925904	245940.550541	257193.296372	266494.111200	273780.498767	279877.238197	286969.256941	306587.805455	  0.000000	  0.000000	  0.000000	  0.000000	  0.000000	  0.000000	  0.000000	  0.000000	  0.000000	  0.000000	  0.000000	  0.000000	  0.000000	  0.000000	  0.000000	  0.000000	  0.000000	  0.000000	  0.000000	  0.000000	  0.000000	  0.000000	  0.000000	  0.000000	  0.000000	  0.000000	  0.000000
    14	     0	  0.000000	  0.000000	  0.000000	  0.000000	  0.000000	  0.000000	  0.000000	  0.000000	  0.000000	  0.000000	  0.000000	  0.000000	  0.000000	  0.000000	  0.000000	  0.000000	  0.000000	  0.000000	  0.000000	  0.000000	  0.000000	  0.000000	  0.000000	  0.000000	  0.000000	  0.000000	  0.000000	  0.000000	  0.000000	  0.000000	  0.000000	  0.000000	  0.000000	  0.000000	8393.845455	44281.233801	61873.674019	74342.938563	71034.963199	57838.527321	56184.854442	54549.295612	55780.209294	57475.785719	60022.619590	67484.721665	76137.412489	85120.923001	101058.672376	120055.969653	129781.596107	135966.843444	144957.031913	167923.290226	182971.671923	204689.672107	219585.309369	233927.538827	247833.026897	259122.192420	268430.683352	275689.450456	281761.462599	288999.313741	309384.322506	  0.000000	  0.000000	  0.000000	  0.000000	  0.000000	  0.000000	  0.000000	  0.000000	  0.000000	  0.000000	  0.000000	  0.000000	  0.000000	  0.000000	  0.000000	  0.000000	  0.000000	  0.000000	  0.000000	  0.000000	  0.000000	  0.000000	  0.000000	  0.000000	  0.000000	  0.000000	  0.000000
