     0	     0	  0.000000	  0.000000	  0.000000	  0.000000	  0.000000	  0.000000	  0.000000	  0.000000	  0.000000	  0.000000	  0.000000	  0.000000	  0.000000	  0.000000	  0.000000	  0.000000	  0.000000	  0.000000	  0.000000	  0.000000	  0.000000	  0.000000	  0.000000	  0.000000	  0.000000	  0.000000	  0.000000	  0.000000	  0.000000	  0.000000	  0.000000	7017.520173	24614.260820	32876.846347	33583.377274	58050.092187	60053.851760	71709.767292	66273.653042	55424.158935	56595.141148	53747.643735	53885.893406	56570.998009	59695.681651	64915.032970	71164.304036	75715.776812	80142.791141	84810.385598	90909.706233	96164.447172	101927.686635	106043.679160	111176.709817	115470.811920	118506.683632	121101.294699	123885.268637	126544.850090	128857.294017	131257.859492	133776.452382	136275.465130	138628.891742
     1	     0	  0.000000	  0.000000	  0.000000	  0.000000	  0.000000	  0.000000	  0.000000	  0.000000	  0.000000	  0.000000	  0.000000	  0.000000	  0.000000	  0.000000	  0.000000	  0.000000	  0.000000	  0.000000	  0.000000	  0.000000	  0.000000	  0.000000	  0.000000	  0.000000	  0.000000	  0.000000	  0.000000	  0.000000	  0.000000	  0.000000	  0.000000	7017.520140	24614.260741	32876.846297	33583.377242	58050.092175	60053.851752	71709.767295	66273.653045	55424.158918	56595.141176	53812.190479	54923.751812	58812.556826	63053.008637	69570.149742	77137.169811	82610.475594	87851.431091	93432.863881	100961.783166	107344.469058	114508.058236	119738.193751	126135.563849	131651.363661	135777.905480	139433.722505	143299.144077	147036.190301	150443.358512	154299.474517	158482.473163	162384.821503	166123.396998
     2	     0	  0.000000	  0.000000	  0.000000	  0.000000	  0.000000	  0.000000	  0.000000	  0.000000	  0.000000	  0.000000	  0.000000	  0.000000	  0.000000	  0.000000	  0.000000	  0.000000	  0.000000	  0.000000	  0.000000	  0.000000	  0.000000	  0.000000	  0.000000	  0.000000	  0.000000	  0.000000	  0.000000	  0.000000	  0.000000	  0.000000	  0.000000	7017.520132	24614.260722	32876.846285	33583.377234	58050.092172	60053.851750	71709.767296	66273.653046	55424.158914	56595.141183	53839.905340	55372.345586	59798.739517	64550.351099	71674.217642	79859.232221	85753.703654	91358.886355	97355.808410	105567.634174	112475.118807	120309.300228	126067.335038	133061.472456	139159.912736	143810.676705	147979.094772	152363.138783	156617.744633	160566.999426	165208.048318	170324.146651	174965.504319	179440.717643
     3	     0	  0.000000	  0.000000	  0.000000	  0.000000	  0.000000	  0.000000	  0.000000	  0.000000	  0.000000	  0.000000	  0.000000	  0.000000	  0.000000	  0.000000	  0.000000	  0.000000	  0.000000	  0.000000	  0.000000	  0.000000	  0.000000	  0.000000	  0.000000	  0.000000	  0.000000	  0.000000	  0.000000	  0.000000	  0.000000	  0.000000	  0.000000	7017.520128	24614.260712	32876.846279	33583.377230	58050.092171	60053.851749	71709.767296	66273.653046	55424.158912	56595.141186	53865.129198	55782.034311	60708.432000	65942.121695	73644.669584	82419.535986	88708.162093	94648.557216	101031.409343	109898.421823	117299.224148	125775.380200	132032.888573	139589.759843	146239.548291	151386.305917	156039.339302	160909.644695	165648.212975	170115.163892	175555.093950	181645.718670	187019.233783	192227.130658
     4	     0	  0.000000	  0.000000	  0.000000	  0.000000	  0.000000	  0.000000	  0.000000	  0.000000	  0.000000	  0.000000	  0.000000	  0.000000	  0.000000	  0.000000	  0.000000	  0.000000	  0.000000	  0.000000	  0.000000	  0.000000	  0.000000	  0.000000	  0.000000	  0.000000	  0.000000	  0.000000	  0.000000	  0.000000	  0.000000	  0.000000	  0.000000	7017.520125	24614.260704	32876.846274	33583.377227	58050.092170	60053.851748	71709.767297	66273.653046	55424.158910	56595.141189	53888.184311	56157.601753	61549.885733	67238.277256	75492.107461	84828.862454	91485.135645	97732.393558	104471.584851	113963.379133	121824.199154	130909.746293	137634.411590	145715.480427	152879.578311	158487.340307	163589.202787	168904.891770	174084.333409	179033.867034	185271.656286	192360.537125	198439.848448	204355.721227
     5	     0	  0.000000	  0.000000	  0.000000	  0.000000	  0.000000	  0.000000	  0.000000	  0.000000	  0.000000	  0.000000	  0.000000	  0.000000	  0.000000	  0.000000	  0.000000	  0.000000	  0.000000	  0.000000	  0.000000	  0.000000	  0.000000	  0.000000	  0.000000	  0.000000	  0.000000	  0.000000	  0.000000	  0.000000	  0.000000	  0.000000	  0.000000	7017.520121	24614.260696	32876.846268	33583.377224	58050.092169	60053.851747	71709.767297	66273.653047	55424.158909	56595.141192	53909.339573	56503.088289	62330.255952	68447.694865	77226.333863	87097.624115	94095.975000	100622.927613	107689.583975	117774.364792	126061.382656	135721.491167	142878.937232	151443.344056	159081.445231	165111.208622	170621.401780	176336.611742	181908.299171	187298.583077	194321.463852	202417.194109	209161.189178	215744.609974
     6	     0	  0.000000	  0.000000	  0.000000	  0.000000	  0.000000	  0.000000	  0.000000	  0.000000	  0.000000	  0.000000	  0.000000	  0.000000	  0.000000	  0.000000	  0.000000	  0.000000	  0.000000	  0.000000	  0.000000	  0.000000	  0.000000	  0.000000	  0.000000	  0.000000	  0.000000	  0.000000	  0.000000	  0.000000	  0.000000	  0.000000	  0.000000	7017.520118	24614.260688	32876.846264	33583.377220	58050.092168	60053.851746	71709.767297	66273.653047	55424.158907	56595.141195	53928.821133	56821.928131	63055.768418	69578.286617	78856.357803	89235.725571	96551.796189	103332.776111	110699.239972	121344.802774	130024.634667	140223.574067	147778.797351	156785.075554	164855.608205	171266.618559	177142.514314	183209.362088	189122.478689	194908.430951	202695.038091	211793.923746	219151.526841	226351.509617
     7	     0	  0.000000	  0.000000	  0.000000	  0.000000	  0.000000	  0.000000	  0.000000	  0.000000	  0.000000	  0.000000	  0.000000	  0.000000	  0.000000	  0.000000	  0.000000	  0.000000	  0.000000	  0.000000	  0.000000	  0.000000	  0.000000	  0.000000	  0.000000	  0.000000	  0.000000	  0.000000	  0.000000	  0.000000	  0.000000	  0.000000	  0.000000	7017.520115	24614.260681	32876.846259	33583.377218	58050.092166	60053.851746	71709.767298	66273.653047	55424.158905	56595.141197	53946.820570	57117.057591	63731.858720	70637.107303	80390.425168	91252.487973	98863.287415	105874.302435	113514.442625	124688.892996	133729.261066	144431.410406	152349.845291	161757.199737	170218.849208	176970.344445	183169.193000	189540.070176	195744.207838	201880.231062	210403.369895	220492.182106	228406.623215	236166.255040
     8	     0	  0.000000	  0.000000	  0.000000	  0.000000	  0.000000	  0.000000	  0.000000	  0.000000	  0.000000	  0.000000	  0.000000	  0.000000	  0.000000	  0.000000	  0.000000	  0.000000	  0.000000	  0.000000	  0.000000	  0.000000	  0.000000	  0.000000	  0.000000	  0.000000	  0.000000	  0.000000	  0.000000	  0.000000	  0.000000	  0.000000	  0.000000	7017.520112	24614.260674	32876.846255	33583.377215	58050.092166	60053.851745	71709.767298	66273.653047	55424.158904	56595.141199	53963.501259	57391.001196	64363.288752	71630.452935	81836.063196	93156.616752	101040.593006	108259.397362	116148.778599	127821.041291	137191.215850	148361.791534	156610.062680	166379.268607	175192.069710	182244.541893	188724.929543	195354.148074	201801.158639	208243.116669	217472.025390	228530.447522	236942.748556	245202.962913
     9	     0	  0.000000	  0.000000	  0.000000	  0.000000	  0.000000	  0.000000	  0.000000	  0.000000	  0.000000	  0.000000	  0.000000	  0.000000	  0.000000	  0.000000	  0.000000	  0.000000	  0.000000	  0.000000	  0.000000	  0.000000	  0.000000	  0.000000	  0.000000	  0.000000	  0.000000	  0.000000	  0.000000	  0.000000	  0.000000	  0.000000	  0.000000	7017.520110	24614.260668	32876.846251	33583.377212	58050.092165	60053.851744	71709.767298	66273.653047	55424.158903	56595.141202	53979.003381	57645.940714	64954.244241	72563.949424	83200.131863	94956.198192	103093.251590	110499.345800	118615.297311	130755.460777	140426.527557	152032.082948	160578.504070	170672.495836	179798.564792	187114.610480	193837.440477	200682.312917	207327.505156	214034.024278	223936.121033	235938.806389	244790.424603	253492.834358
    10	     0	  0.000000	  0.000000	  0.000000	  0.000000	  0.000000	  0.000000	  0.000000	  0.000000	  0.000000	  0.000000	  0.000000	  0.000000	  0.000000	  0.000000	  0.000000	  0.000000	  0.000000	  0.000000	  0.000000	  0.000000	  0.000000	  0.000000	  0.000000	  0.000000	  0.000000	  0.000000	  0.000000	  0.000000	  0.000000	  0.000000	  0.000000	7017.520107	24614.260662	32876.846247	33583.377210	58050.092164	60053.851744	71709.767298	66273.653048	55424.158901	56595.141204	53993.447900	57883.770884	65508.416562	73442.631487	84488.877613	96658.714553	105030.171655	112604.754625	120926.368497	133505.903703	143450.900815	155459.647519	164274.522889	174658.740655	184062.720977	191607.561327	198536.649067	205558.113163	212360.922445	219294.144296	229836.312155	242754.545978	251989.237420	261078.095327
    11	     0	  0.000000	  0.000000	  0.000000	  0.000000	  0.000000	  0.000000	  0.000000	  0.000000	  0.000000	  0.000000	  0.000000	  0.000000	  0.000000	  0.000000	  0.000000	  0.000000	  0.000000	  0.000000	  0.000000	  0.000000	  0.000000	  0.000000	  0.000000	  0.000000	  0.000000	  0.000000	  0.000000	  0.000000	  0.000000	  0.000000	  0.000000	7017.520105	24614.260656	32876.846243	33583.377207	58050.092163	60053.851743	71709.767299	66273.653048	55424.158900	56595.141206	54006.939751	58106.144713	66029.071548	74271.012371	85707.986550	98271.070632	106859.632257	114585.523040	123093.605375	136085.490491	146279.451223	158661.444926	167717.222678	178359.777504	188009.068609	195750.817298	202853.190517	210016.088612	216940.349799	224066.270795	235215.759710	249018.760413	258583.785922	268007.214036
    12	     0	  0.000000	  0.000000	  0.000000	  0.000000	  0.000000	  0.000000	  0.000000	  0.000000	  0.000000	  0.000000	  0.000000	  0.000000	  0.000000	  0.000000	  0.000000	  0.000000	  0.000000	  0.000000	  0.000000	  0.000000	  0.000000	  0.000000	  0.000000	  0.000000	  0.000000	  0.000000	  0.000000	  0.000000	  0.000000	  0.000000	  0.000000	7017.520103	24614.260651	32876.846240	33583.377205	58050.092162	60053.851743	71709.767299	66273.653048	55424.158899	56595.141208	54019.570410	58314.510524	66519.107511	75053.145148	86862.635406	99799.626829	108589.300132	116450.841841	125127.833752	138506.609791	148926.539550	161653.765634	170925.083426	181796.791253	191661.618637	199571.365801	206817.350212	214090.461656	221104.401826	228392.920801	240117.949181	254773.861280	264620.674816	274331.325419
    13	     0	  0.000000	  0.000000	  0.000000	  0.000000	  0.000000	  0.000000	  0.000000	  0.000000	  0.000000	  0.000000	  0.000000	  0.000000	  0.000000	  0.000000	  0.000000	  0.000000	  0.000000	  0.000000	  0.000000	  0.000000	  0.000000	  0.000000	  0.000000	  0.000000	  0.000000	  0.000000	  0.000000	  0.000000	  0.000000	  0.000000	  0.000000	7017.520101	24614.260646	32876.846237	33583.377203	58050.092161	60053.851742	71709.767299	66273.653048	55424.158898	56595.141209	54031.419990	58510.142455	66981.104317	75792.676462	87957.539338	101250.235405	110226.257030	118209.211713	127039.092499	140780.869394	151405.678398	164452.065424	173915.720688	184990.045483	195043.420222	203095.188287	210458.345049	217814.252314	224890.298874	232315.072737	244585.203251	260061.837803	270146.389626	280101.691108
    14	     0	  0.000000	  0.000000	  0.000000	  0.000000	  0.000000	  0.000000	  0.000000	  0.000000	  0.000000	  0.000000	  0.000000	  0.000000	  0.000000	  0.000000	  0.000000	  0.000000	  0.000000	  0.000000	  0.000000	  0.000000	  0.000000	  0.000000	  0.000000	  0.000000	  0.000000	  0.000000	  0.000000	  0.000000	  0.000000	  0.000000	  0.000000	7017.520099	24614.260641	32876.846234	33583.377201	58050.092161	60053.851742	71709.767299	66273.653048	55424.158897	56595.141211	54042.558949	58694.165695	67417.365022	76492.893559	88996.996087	102628.277689	111777.032929	119868.473500	128836.654759	142919.082795	153729.490643	167070.873500	176705.743140	187958.680258	198176.285033	206346.900206	213803.867225	221218.718309	228333.196026	235871.379934	248657.731491	264923.105876	275205.874031	285367.991678
