     0	     0	3405.988707	5581.999791	13416.471673	33423.173815	74496.190528	146020.420781	258277.880993	424227.070546	651284.797122	943367.506573	1296866.766254	1700277.909080	2119130.797213	2547395.060715	2969864.688808	3371836.097447	3740732.752299	4080715.777013	4379558.577245	4638440.936244	4860018.240704	5061357.378235	5272901.006260	5484206.577154	5691451.733019	5891750.682485	6086530.553600	6279700.667180	6471398.431643	6657540.307996	6835511.542967	7004187.943359	7157315.593792	7293249.288933	7416431.803530	7524914.745828	7613258.976810	7692362.273213	7772983.276711	7846515.505325	7918877.548977	7983290.947235	8037625.090423	8081544.420390	8116268.592260	8141854.910139	8159212.292799	8168471.424348	8168930.653874	8160673.517470	8143833.823613	8118615.329577	8085302.658771	8044200.341180	7995584.856069	7939751.974672	7876997.711686	7807633.653956	7731964.569057	7650263.639483	7562787.106040	7469783.107759	7371489.058082	7268131.402599	7159931.910275
     1	     0	3405.988707	5581.957508	13416.429350	33423.132926	74496.152541	146020.384835	258277.846651	424227.037645	651284.765614	943367.476452	1296866.737531	1700277.881777	2119130.771787	2547395.037113	2969864.666965	3371836.077239	3740732.733485	4080715.759372	4379558.560516	4638440.920255	4860018.225190	5061357.363436	5272900.992392	5484206.564459	5691451.721464	5891750.671852	6086530.543615	6279700.657423	6471398.421933	6657540.298267	6835511.533220	7004187.933612	7157315.584031	7293249.279118	7416431.793628	7524914.735807	7613258.966645	7692362.262893	7772983.266234	7846515.494687	7918877.538162	7983290.936310	8027272.892009	8059737.655396	8082761.014412	8096600.300931	8102232.267052	8099847.833489	8088834.947637	8069343.606478	8041562.608327	8005728.771978	7962143.184866	7911116.882362	7852926.924538	7787862.503093	7716206.379180	7638249.451808	7554273.259784	7464530.974982	7369260.729106	7268693.840952	7163052.156658	7052548.590255	6937394.880240
     2	     0	3405.988707	5581.946985	13416.418817	33423.122749	74496.143087	146020.375889	258277.838104	424227.029456	651284.757773	943367.468956	1296866.730383	1700277.874982	2119130.765458	2547395.031238	2969864.661528	3371836.072209	3740732.728801	4080715.754980	4379558.556351	4638440.916274	4860018.221327	5061357.359751	5272900.988938	5484206.561298	5691451.718586	5891750.669204	6086530.541128	6279700.654993	6471398.419514	6657540.295844	6835511.530793	7004187.931184	7157315.581601	7293249.276674	7416431.791162	7524914.733311	7613258.964113	7692362.260323	7772983.263625	7846515.492039	7918877.535469	7983290.933589	8022998.204600	8050848.231393	8069220.718765	8078441.392770	8079506.787471	8072627.386215	8057222.609073	8033464.654736	8001559.911930	7961754.502079	7914352.955510	7859666.153191	7797969.283057	7729547.235266	7654676.227711	7573637.907113	7486703.799843	7394118.668457	7296113.175372	7192911.708715	7084729.605059	6971774.130840	6854253.047305
     3	     0	3405.988707	5581.942103	13416.413930	33423.118028	74496.138701	146020.371738	258277.834138	424227.025657	651284.754135	943367.465478	1296866.727067	1700277.871830	2119130.762523	2547395.028514	2969864.659008	3371836.069877	3740732.726631	4080715.752946	4379558.554423	4638440.914432	4860018.219540	5061357.358046	5272900.987341	5484206.559836	5691451.717255	5891750.667980	6086530.539979	6279700.653870	6471398.418396	6657540.294725	6835511.529671	7004187.930062	7157315.580477	7293249.275544	7416431.790023	7524914.732158	7613258.962943	7692362.259136	7772983.262420	7846515.490815	7918877.534225	7983290.932333	8019178.034045	8042960.820903	8057264.981440	8062470.329468	8059586.970660	8048840.175017	8029674.646033	8002279.755028	7966875.051268	7923712.845903	7873099.124382	7815343.287517	7750717.882673	7679503.249118	7601969.312871	7518389.218851	7429025.479304	7334115.401777	7233883.092484	7128546.866131	7018316.331460	6903393.816445	6783983.727213
     4	     0	3405.988707	5581.937494	13416.409317	33423.113571	74496.134561	146020.367820	258277.830395	424227.022071	651284.750700	943367.462195	1296866.723936	1700277.868854	2119130.759753	2547395.025943	2969864.656631	3371836.067680	3740732.724588	4080715.751032	4379558.552609	4638440.912700	4860018.217860	5061357.356445	5272900.985842	5484206.558465	5691451.716009	5891750.666834	6086530.538903	6279700.652819	6471398.417351	6657540.293677	6835511.528622	7004187.929013	7157315.579427	7293249.274488	7416431.788957	7524914.731080	7613258.961850	7692362.258026	7772983.261294	7846515.489672	7918877.533065	7983290.931161	8015737.293869	8035902.348545	8046612.161608	8048289.629942	8041953.768292	8027840.970015	8005416.386233	7974882.693052	7936469.247235	7890432.266285	7837077.780029	7776712.823667	7709606.835708	7636035.529798	7556262.846722	7470554.133826	7379163.781952	7282322.471578	7180248.525294	7073154.906418	6961246.165485	6844720.298314	6723778.860428
     5	     0	3405.988707	5581.933156	13416.404974	33423.109376	74496.130663	146020.364132	258277.826871	424227.018695	651284.747467	943367.459104	1296866.720989	1700277.866051	2119130.757140	2547395.023515	2969864.654380	3371836.065594	3740732.722641	4080715.749203	4379558.550872	4638440.911037	4860018.216245	5061357.354902	5272900.984394	5484206.557138	5691451.714799	5891750.665718	6086530.537855	6279700.651794	6471398.416331	6657540.292655	6835511.527598	7004187.927989	7157315.578402	7293249.273457	7416431.787917	7524914.730027	7613258.960782	7692362.256941	7772983.260192	7846515.488553	7918877.531926	7983290.930010	8012617.963101	8029540.116258	8037047.470040	8035597.429235	8026214.383971	8009143.011241	7983865.087715	7950593.589074	7909565.117798	7861038.112245	7805317.644695	7742707.803012	7673474.647417	7597889.297373	7516210.032148	7428695.041991	7335591.377728	7237123.797083	7133505.481573	7024944.639909	6911641.323673	6793789.698439	6671588.861741
     6	     0	3405.988707	5581.929076	13416.400891	33423.105431	74496.126998	146020.360664	258277.823558	424227.015521	651284.744428	943367.456198	1296866.718218	1700277.863419	2119130.754689	2547395.021242	2969864.652279	3371836.063652	3740732.720835	4080715.747511	4379558.549269	4638440.909507	4860018.214761	5061357.353488	5272900.983070	5484206.555927	5691451.713697	5891750.664706	6086530.536904	6279700.650866	6471398.415407	6657540.291730	6835511.526671	7004187.927061	7157315.577473	7293249.272523	7416431.786975	7524914.729073	7613258.959814	7692362.255959	7772983.259195	7846515.487541	7918877.530898	7983290.928971	8009774.145411	8023769.998673	8028403.284449	8024159.159872	8012064.694122	7992370.627641	7964572.311375	7928890.664661	7885567.562142	7834862.412641	7777078.620929	7712516.956375	7641439.963490	7564114.262301	7480792.791097	7391727.156819	7297157.748288	7197303.995891	7092374.472802	6982573.125095	6868095.970151	6749133.755268	6625883.421471
     7	     0	3405.988707	5581.925240	13416.397051	33423.101721	74496.123551	146020.357402	258277.820442	424227.012536	651284.741569	943367.453465	1296866.715612	1700277.860942	2119130.752383	2547395.019101	2969864.650298	3371836.061821	3740732.719131	4080715.745914	4379558.547755	4638440.908060	4860018.213357	5061357.352149	5272900.981816	5484206.554779	5691451.712653	5891750.663745	6086530.536002	6279700.649984	6471398.414529	6657540.290851	6835511.525790	7004187.926181	7157315.576591	7293249.271637	7416431.786080	7524914.728168	7613258.958896	7692362.255028	7772983.258250	7846515.486582	7918877.529922	7983290.927986	8007168.847564	8018508.742337	8020546.308280	8013789.082352	7999264.746098	7977228.355476	7947186.378188	7909365.815797	7864012.283750	7811385.230746	7751785.894457	7685511.501526	7612821.031259	7533976.735752	7449226.519826	7358815.918212	7262979.245390	7161931.108752	7055875.917217	6945013.762715	6829537.017078	6709633.349402	6585497.776835
     8	     0	3405.988707	5581.921629	13416.393436	33423.098229	74496.120307	146020.354332	258277.817509	424227.009726	651284.738878	943367.450893	1296866.713159	1700277.858610	2119130.750212	2547395.017085	2969864.648432	3371836.060093	3740732.717522	4080715.744404	4379558.546322	4638440.906690	4860018.212028	5061357.350880	5272900.980626	5484206.553689	5691451.711661	5891750.662832	6086530.535144	6279700.649146	6471398.413695	6657540.290014	6835511.524952	7004187.925343	7157315.575752	7293249.270793	7416431.785229	7524914.727306	7613258.958022	7692362.254140	7772983.257348	7846515.485666	7918877.528991	7983290.927045	8004771.789836	8013688.737619	8013368.863289	8004337.775638	7987622.180703	7963480.066063	7931427.021265	7891694.649319	7844531.110994	7790195.201595	7728985.645051	7661196.004127	7587081.702126	7506900.775004	7420896.384398	7329308.447888	7232365.716584	7130278.404896	7023247.131499	6911468.477575	6795131.498294	6674421.068923	6549530.465309
     9	     0	3405.988707	5581.918224	13416.390028	33423.094936	74496.117248	146020.351438	258277.814744	424227.007077	651284.736341	943367.448468	1296866.710847	1700277.856411	2119130.748163	2547395.015184	2969864.646673	3371836.058466	3740732.716008	4080715.742985	4379558.544977	4638440.905405	4860018.210781	5061357.349691	5272900.979513	5484206.552671	5691451.710734	5891750.661979	6086530.534344	6279700.648364	6471398.412917	6657540.289235	6835511.524172	7004187.924562	7157315.574970	7293249.270007	7416431.784436	7524914.726504	7613258.957208	7692362.253314	7772983.256510	7846515.484815	7918877.528127	7983290.926172	8002557.865957	8009254.351429	8006782.795143	7995683.398149	7976980.670677	7950934.431362	7917067.760826	7875615.678612	7826827.952945	7770962.210128	7708314.425781	7639174.450230	7563794.199058	7482427.653885	7395313.504942	7302686.458765	7204770.149799	7101770.769329	6993885.464690	6881307.599121	6764223.193282	6642814.570112	6517273.410901
    10	     0	3405.988707	5581.915009	13416.386810	33423.091827	74496.114359	146020.348704	258277.812132	424227.004574	651284.733945	943367.446177	1296866.708662	1700277.854335	2119130.746231	2547395.013390	2969864.645013	3371836.056930	3740732.714578	4080715.741644	4379558.543706	4638440.904190	4860018.209602	5061357.348566	5272900.978458	5484206.551705	5691451.709855	5891750.661170	6086530.533584	6279700.647621	6471398.412178	6657540.288495	6835511.523430	7004187.923820	7157315.574227	7293249.269260	7416431.783682	7524914.725741	7613258.956434	7692362.252528	7772983.255713	7846515.484006	7918877.527303	7983290.925340	8000506.029078	8005159.284506	8000715.094463	7987725.423686	7967211.650725	7939434.547111	7903923.343047	7860915.521713	7810661.720246	7753418.014411	7689477.479630	7619126.256370	7542612.826533	7460187.282751	7372084.097297	7278533.129404	7179753.289822	7075947.067864	6967308.414869	6854027.729339	6736288.242692	6614269.933782	6488163.010398
    11	     0	3405.988707	5581.911965	13416.383763	33423.088883	74496.111625	146020.346117	258277.809660	424227.002206	651284.731677	943367.444009	1296866.706595	1700277.852369	2119130.744399	2547395.011688	2969864.643436	3371836.055470	3740732.713217	4080715.740366	4379558.542493	4638440.903029	4860018.208475	5061357.347490	5272900.977450	5484206.550781	5691451.709013	5891750.660395	6086530.532856	6279700.646909	6471398.411469	6657540.287785	6835511.522719	7004187.923109	7157315.573516	7293249.268544	7416431.782960	7524914.725010	7613258.955693	7692362.251776	7772983.254948	7846515.483229	7918877.526514	7983290.924542	7998598.466899	8001364.623505	7995104.680094	7980380.052555	7958208.273498	7928850.365074	7891840.597302	7847418.147516	7795833.938684	7737342.216384	7672233.065220	7600788.954285	7523255.022441	7439877.638123	7350887.291582	7256509.321890	7156958.264026	7052433.186754	6943125.085956	6829221.617172	6710903.438252	6588348.365964	6461745.237004
    12	     0	3405.988707	5581.909079	13416.380874	33423.086092	74496.109032	146020.343663	258277.807316	424226.999960	651284.729526	943367.441953	1296866.704634	1700277.850506	2119130.742665	2547395.010081	2969864.641951	3371836.054099	3740732.711943	4080715.739175	4379558.541365	4638440.901954	4860018.207433	5061357.346498	5272900.976521	5484206.549933	5691451.708242	5891750.659687	6086530.532192	6279700.646261	6471398.410824	6657540.287138	6835511.522071	7004187.922461	7157315.572867	7293249.267891	7416431.782302	7524914.724344	7613258.955017	7692362.251090	7772983.254252	7846515.482523	7918877.525796	7983290.923817	7996819.978494	7997837.377113	7989899.990735	7973576.786182	7949880.909510	7919073.071226	7880691.658487	7834976.919329	7782179.601621	7722551.918962	7656380.920076	7583945.466117	7505487.453795	7421249.688992	7331458.899444	7236336.199498	7136092.058284	7030922.372722	6921015.395559	6806556.235728	6687723.169000	6564692.010906	6437650.315613
    13	     0	3405.988707	5581.906335	13416.378128	33423.083439	74496.106567	146020.341331	258277.805088	424226.997825	651284.727482	943367.439998	1296866.702771	1700277.848735	2119130.741015	2547395.008549	2969864.640533	3371836.052786	3740732.710720	4080715.738027	4379558.540276	4638440.900912	4860018.206422	5061357.345533	5272900.975616	5484206.549104	5691451.707487	5891750.658992	6086530.531539	6279700.645623	6471398.410189	6657540.286502	6835511.521434	7004187.921824	7157315.572228	7293249.267250	7416431.781654	7524914.723689	7613258.954352	7692362.250415	7772983.253567	7846515.481827	7918877.525089	7983290.923103	7995157.495231	7994549.357215	7985057.151673	7967255.827936	7942153.741617	7910010.841437	7870368.861093	7823468.612936	7769560.305380	7708893.978045	7641753.632594	7568414.602731	7489115.649685	7404096.173656	7313579.344105	7217782.318497	7116911.777727	7011160.668305	6900714.688938	6785756.577370	6666462.398614	6543006.110395	6415574.062359
    14	     0	3405.988707	5581.903723	13416.375513	33423.080912	74496.104220	146020.339110	258277.802966	424226.995792	651284.725535	943367.438137	1296866.700996	1700277.847047	2119130.739443	2547395.007088	2969864.639181	3371836.051534	3740732.709553	4080715.736933	4379558.539238	4638440.899919	4860018.205458	5061357.344613	5272900.974754	5484206.548314	5691451.706768	5891750.658330	6086530.530917	6279700.645015	6471398.409584	6657540.285896	6835511.520826	7004187.921216	7157315.571620	7293249.266638	7416431.781038	7524914.723064	7613258.953719	7692362.249772	7772983.252914	7846515.481164	7918877.524415	7983290.922422	7993599.707431	7991476.311731	7980538.559458	7961366.082796	7934962.151090	7901585.591407	7860780.837800	7812788.854947	7757859.024253	7696239.115444	7628210.097092	7554043.867224	7473976.160913	7388243.123800	7297064.557170	7200653.905304	7099214.310783	6992935.968157	6882002.191754	6766593.505981	6646883.919311	6523045.660458	6395263.944250
