CurrSim,Costing Population,Unit Cost,y2027,y2028,y2029,y2030,y2031,y2032,y2033,y2034,y2035,y2036,y2037,y2038,y2039,y2040,y2041,y2042,y2043,y2044,y2045,y2046,y2047,y2048,y2049,y2050,y2051,y2052,y2053,y2054,y2055,y2056,y2057,y2058,y2059,y2060,y2061,y2062,y2063,y2064,y2065,y2066,y2067,y2068,y2069,y2070,y2071,y2072,y2073,y2074,y2075,y2076,y2077,y2078
0,ART clients with Peer Navigators,1543.56, 0,0,0,0,0,0,0,0,0,0,0,0,0,0,0,0,0,0,0,0,0,0,0,0,0,0,0,0,0,0,0,0,0,0,0,0,0,0,0,0,0,0,0,0,0,0,0,0,0,0,0,0
0,Medical male circumcision,1546.32, 128819280,126131776,123991669,122637093,120732027,118898091,116727058,114639526,112783942,111035054,109532031,108342911,107453777,106904833,106637320,106649690,106907926,107395017,108052203,108877938,109804183,110772180,111741722,112647866,0,0,0,0,0,0,0,0,0,0,0,0,0,0,0,0,0,0,0,0,0,0,0,0,0,0,0,0
0,Early infant male circumcision,773.16, 9086949,9162719,9255498,9364514,9483581,9611152,9744909,9877119,10004690,10124530,10233546,10327098,10404414,10464721,10505698,10527347,10531986,10521161,10495647,10459308,10412919,10361117,10306996,10252102,0,0,0,0,0,0,0,0,0,0,0,0,0,0,0,0,0,0,0,0,0,0,0,0,0,0,0,0
0,Condom distribution in non-traditional outlets (hotels; shops; malls),1.13, 65006924,66453904,67925624,69418233,70906093,72383805,73843934,75272505,76683695,78093038,79505684,80922832,82343510,83765821,85185565,86596173,87989095,89354862,90683807,91965528,93190978,94352516,95443921,96460410,0,0,0,0,0,0,0,0,0,0,0,0,0,0,0,0,0,0,0,0,0,0,0,0,0,0,0,0
0,Condom distribution in clinics,0.97, 223209613,228178008,233231349,238356412,243465170,248539086,253552622,258457804,263303306,268142467,272992967,277858929,282737008,287620696,292495571,297339068,302121849,306811385,311374488,315775442,319983179,323971472,327718950,331209196,0,0,0,0,0,0,0,0,0,0,0,0,0,0,0,0,0,0,0,0,0,0,0,0,0,0,0,0
0,PrEP NonFSW,1031.34, 99396424,102859664,107310927,113188534,119356978,122201414,138492461,149727879,152508371,150669492,152607380,160661114,162807332,167706197,170972451,175598011,180590728,183802321,171004423,166655262,165193853,165694053,168103263,0,0,0,0,0,0,0,0,0,0,0,0,0,0,0,0,0,0,0,0,0,0,0,0,0,0,0,0,0
0,PrEP FSW,1050.49, 20925761,22316610,24289430,26545882,29021887,30956890,32485353,33927676,35373150,36849088,38358642,39892358,41441831,43001808,44562836,46112309,47637621,49124064,50564286,51953033,53268247,54499421,55641304,0,0,0,0,0,0,0,0,0,0,0,0,0,0,0,0,0,0,0,0,0,0,0,0,0,0,0,0,0
0,PrEP men,1026.84, 20409472,21004012,21972322,23590622,25697698,27493641,33786117,39644239,43466137,46073284,50569816,57665281,62700904,68994406,74365806,79986729,85286250,89341241,83380435,81709766,81371936,81934644,83455394,0,0,0,0,0,0,0,0,0,0,0,0,0,0,0,0,0,0,0,0,0,0,0,0,0,0,0,0,0
0,PrEP MSM,1318.82, 28563004,30016343,32377031,36966525,41727465,45066717,47867891,54190314,58523956,61599445,65596788,70213977,75142407,77814336,80545613,79572324,80792232,81955431,82916851,84113021,85379088,86612185,87668560,0,0,0,0,0,0,0,0,0,0,0,0,0,0,0,0,0,0,0,0,0,0,0,0,0,0,0,0,0
0,PrEP PWID,1050.49, 1422363,1513756,1624058,1736460,1842559,1935003,2014840,2089425,2158757,2223887,2283765,2338391,2388814,2432935,2473904,2508570,2540085,2566347,2588407,2607316,2623074,2635679,2646184,0,0,0,0,0,0,0,0,0,0,0,0,0,0,0,0,0,0,0,0,0,0,0,0,0,0,0,0,0
0,LAPrEP FSW,1665.47, 24249243,22935187,21789344,20338720,18455073,19687521,20661821,21581160,22502165,23443156,24405797,25383428,26369387,27365338,28359623,29347247,30318216,31265868,32183542,33069572,33908969,34695071,35422881,0,0,0,0,0,0,0,0,0,0,0,0,0,0,0,0,0,0,0,0,0,0,0,0,0,0,0,0,0
0,LAPrEP NonFSW,1665.47, 92530182,85347010,78167169,70942360,62546726,63965706,73906897,80692022,82137649,80665374,81593041,86422904,87557089,90453341,92343650,95123319,98172795,100128056,92005559,89224224,88289896,88611331,90151891,0,0,0,0,0,0,0,0,0,0,0,0,0,0,0,0,0,0,0,0,0,0,0,0,0,0,0,0,0
0,LAPrEP men,1572.77, 21653897,19824766,18157630,16699672,15144202,16202677,19911268,23366644,25620423,27157020,29810283,33995424,36966386,40679696,43848828,47167372,50295612,52689368,49171081,48184954,47985213,48317067,49215119,0,0,0,0,0,0,0,0,0,0,0,0,0,0,0,0,0,0,0,0,0,0,0,0,0,0,0,0,0
0,LAPrEP MSM,1550.1, 23637475,22092025,20865896,20427218,19211939,20772890,22082725,25060467,27108149,28559042,30450164,32642006,34990407,36255289,37546522,37052040,37610076,38143311,38578889,39127624,39712012,40280899,40764530,0,0,0,0,0,0,0,0,0,0,0,0,0,0,0,0,0,0,0,0,0,0,0,0,0,0,0,0,0
0,LAPrEP PWID,1665.47, 1577200,1492261,1400660,1282412,1132520,1189146,1239110,1284077,1327380,1367351,1403991,1437301,1468945,1495592,1520574,1542225,1560545,1577200,1590524,1602182,1612175,1620502,1627164,0,0,0,0,0,0,0,0,0,0,0,0,0,0,0,0,0,0,0,0,0,0,0,0,0,0,0,0,0
0,PMTCT (mother not on any ART),251.04, 325599,292713,259826,237986,222421,209869,199075,189033,179494,169954,160917,152130,143595,135311,127528,119997,112968,106441,100416,94893,89621,85103,80835,77069,0,0,0,0,0,0,0,0,0,0,0,0,0,0,0,0,0,0,0,0,0,0,0,0,0,0,0,0
0,PMTCT (mother not on lifelong ART),1792.03, 0,0,0,0,0,0,0,0,0,0,0,0,0,0,0,0,0,0,0,0,0,0,0,0,0,0,0,0,0,0,0,0,0,0,0,0,0,0,0,0,0,0,0,0,0,0,0,0,0,0,0,0
0,Testing at birth,585.3, 26898632,25932302,25031525,24164110,23307817,22469082,21652003,20841362,20040672,19242323,18429926,17605824,16757724,15899674,14995386,14077050,13171006,12294812,11452565,10636072,9863476,9140045,8474559,7868773,0,0,0,0,0,0,0,0,0,0,0,0,0,0,0,0,0,0,0,0,0,0,0,0,0,0,0,0
0,Testing at 10 weeks,550.96, 22506716,21698458,20944744,20218579,19502882,18800408,18116667,17438986,16769019,16100704,15421370,14731568,14021381,13304031,12547563,11778974,11020853,10287525,9582847,8899657,8253381,7647876,7091406,6583972,0,0,0,0,0,0,0,0,0,0,0,0,0,0,0,0,0,0,0,0,0,0,0,0,0,0,0,0
0,Testing at 6 months,550.96, 13948654,13447832,12980618,12530483,12086960,11651702,11228014,10807631,10392758,9978437,9557503,9129958,8689741,8245116,7776249,7299669,6830251,6375709,5938798,5515661,5115113,4739909,4395008,4080410,0,0,0,0,0,0,0,0,0,0,0,0,0,0,0,0,0,0,0,0,0,0,0,0,0,0,0,0
0,Combination prevention package service provision through outreach to CSW,1167.76, 79267549,80901245,82538445,84148786,85768469,87415010,89107095,90849392,92652414,94523165,96460479,98459684,100509103,102593555,104692020,106784645,108845742,110853121,112782261,114613308,116327580,117914566,119361421,0,0,0,0,0,0,0,0,0,0,0,0,0,0,0,0,0,0,0,0,0,0,0,0,0,0,0,0,0
0,U=U messaging to men,43.55, 0,0,0,0,0,0,0,0,0,0,0,0,0,0,0,0,0,0,0,0,0,0,0,0,0,0,0,0,0,0,0,0,0,0,0,0,0,0,0,0,0,0,0,0,0,0,0,0,0,0,0,0
0,ST distributed (fixed point),150.46, 3200134,3262876,3333893,3409875,3487663,3563946,3630750,3691386,3749915,3806939,3859750,3906243,3948672,3987491,4022849,4055198,4084688,4112072,4141712,4170450,4196781,4221456,4244778,0,0,0,0,0,0,0,0,0,0,0,0,0,0,0,0,0,0,0,0,0,0,0,0,0,0,0,0,0
0,ST distributed (taxi),135.08, 6649583,6715772,6796415,6889755,6994983,7109666,7225699,7340923,7456146,7570964,7680649,7781689,7873408,7955672,8027129,8088320,8137760,8174907,8202463,8219618,8226642,8225291,8216781,0,0,0,0,0,0,0,0,0,0,0,0,0,0,0,0,0,0,0,0,0,0,0,0,0,0,0,0,0
0,ST distributed (ANC),291.75, 526025,529818,534486,540321,547031,554033,560744,567162,573289,579707,585542,591086,595754,599546,602756,605090,606840,607424,607132,606257,604214,601880,598963,0,0,0,0,0,0,0,0,0,0,0,0,0,0,0,0,0,0,0,0,0,0,0,0,0,0,0,0,0
0,ST distributed (index),277.79, 266956,276957,286957,291402,295013,297513,299458,300569,301124,301680,301680,301124,300291,299180,297791,296124,294457,292235,290013,287513,284735,281679,278346,0,0,0,0,0,0,0,0,0,0,0,0,0,0,0,0,0,0,0,0,0,0,0,0,0,0,0,0,0
0,ST distributed (workplace),144.83, 6187572,6257235,6338775,6431321,6534874,6648276,6759216,6874935,6988482,7100001,7208334,7312322,7419062,7515518,7600389,7676135,7745364,7809958,7867455,7916408,7955657,7988388,8015906,0,0,0,0,0,0,0,0,0,0,0,0,0,0,0,0,0,0,0,0,0,0,0,0,0,0,0,0,0
0,ST distributed (PHC),147.74, 0,0,0,0,0,0,0,0,0,0,0,0,0,0,0,0,0,0,0,0,0,0,0,0,0,0,0,0,0,0,0,0,0,0,0,0,0,0,0,0,0,0,0,0,0,0,0,0,0,0,0,0
0,General HCT (negative),75.88, 101419539,102289882,104483649,107131785,109914532,112864367,115830820,118388204,121029283,123586894,126016344,128199032,130103393,131964122,133610187,135092047,136366756,137442127,138379852,139587027,140769541,141772067,142638086,143388008,0,0,0,0,0,0,0,0,0,0,0,0,0,0,0,0,0,0,0,0,0,0,0,0,0,0,0,0
0,General HCT (positive),110.7, 5227143,4916519,4548774,4212356,3957968,3764243,3610148,3474430,3358859,3249377,3142884,3039379,2938864,2844547,2752334,2663553,2577207,2493296,2412596,2338980,2269239,2202044,2137064,2074629,0,0,0,0,0,0,0,0,0,0,0,0,0,0,0,0,0,0,0,0,0,0,0,0,0,0,0,0
0,Adolescent testing (negative),149.21, 99379381,104526380,107646212,110682337,113685934,115911550,117463782,118710133,118161339,117643729,117617767,117889777,118051968,117604935,117459604,117442594,117865754,118656418,119705961,120212379,120724170,121479620,122443666,123603027,0,0,0,0,0,0,0,0,0,0,0,0,0,0,0,0,0,0,0,0,0,0,0,0,0,0,0,0
0,Adolescent testing (positive),158.68, 3119807,2695180,2302129,1994449,1786737,1626311,1484769,1340370,1190893,1066488,964457,879563,803397,734530,681689,642019,607744,576643,547763,523803,504444,488893,476357,465726,0,0,0,0,0,0,0,0,0,0,0,0,0,0,0,0,0,0,0,0,0,0,0,0,0,0,0,0
0,ANC testing (negative),65.8, 14829280,15097547,15393976,15716791,16059082,16415455,16783606,17145967,17498589,17835682,18150996,18439331,18697399,18922896,19114242,19270320,19390602,19475945,19529308,19555365,19558458,19543719,19516477,19481472,0,0,0,0,0,0,0,0,0,0,0,0,0,0,0,0,0,0,0,0,0,0,0,0,0,0,0,0
0,ANC testing (positive),100.24, 271751,253407,234161,217621,205091,195067,186146,177325,168102,158981,150360,142140,134422,127205,120589,114474,108861,103748,99037,94827,91118,87810,84903,82197,0,0,0,0,0,0,0,0,0,0,0,0,0,0,0,0,0,0,0,0,0,0,0,0,0,0,0,0
0,PITC (negative),75.88, 34882036,35181458,35935933,36846721,37803795,38818387,39838669,40718194,41626630,42506231,43341897,44092502,44747574,45387470,45953611,46463373,46901732,47271647,47594137,48009276,48416069,48760867,49058696,49316613,0,0,0,0,0,0,0,0,0,0,0,0,0,0,0,0,0,0,0,0,0,0,0,0,0,0,0,0
0,PITC (positive),110.7, 1793451,1686847,1560649,1445299,1357957,1291537,1238622,1192128,1152387,1114860,1078329,1042683,1008256,975821,944271,913829,884161,855379,827704,802354,778442,755417,733166,711801,0,0,0,0,0,0,0,0,0,0,0,0,0,0,0,0,0,0,0,0,0,0,0,0,0,0,0,0
0,Mobile testing (negative),107.33, 105727778,106635146,108922133,111682768,114583683,117658795,120751295,123417264,126170601,128836785,131369559,133644740,135630238,137569798,139285898,140830698,142159551,143280720,144258282,145516511,146749411,147794591,148697236,149479028,0,0,0,0,0,0,0,0,0,0,0,0,0,0,0,0,0,0,0,0,0,0,0,0,0,0,0,0
0,Mobile testing (positive),124.34, 4316587,4059950,3756311,3478660,3268526,3108500,2981176,2869270,2773652,2683382,2595349,2509679,2426744,2348783,2272687,2199326,2127955,2058822,1992175,1931249,1873804,1818224,1764633,1713157,0,0,0,0,0,0,0,0,0,0,0,0,0,0,0,0,0,0,0,0,0,0,0,0,0,0,0,0
0,Home based testing (negative),107.45, 51061959,51500248,52604726,53937966,55339006,56824180,58317735,59605201,60935002,62222683,63445894,64544678,65503562,66440311,67269073,68015205,68657004,69198445,69670580,70278210,70873698,71378390,71814422,72192002,0,0,0,0,0,0,0,0,0,0,0,0,0,0,0,0,0,0,0,0,0,0,0,0,0,0,0,0
0,Home based testing (positive),116.71, 1954542,1838416,1700932,1575118,1480000,1407523,1349868,1299216,1255916,1215068,1175270,1136405,1098825,1063578,1029149,995886,963558,932279,902052,874508,848482,823272,799113,775771,0,0,0,0,0,0,0,0,0,0,0,0,0,0,0,0,0,0,0,0,0,0,0,0,0,0,0,0
0,Partner notification (negative),69.64, 1880767,1896924,1937594,1986690,2038293,2093030,2148046,2195471,2244428,2291852,2336909,2377370,2412747,2447219,2477722,2505229,2528837,2548824,2566234,2588588,2610525,2629119,2645136,2659064,0,0,0,0,0,0,0,0,0,0,0,0,0,0,0,0,0,0,0,0,0,0,0,0,0,0,0,0
0,Partner notification (positive),111.06, 92846,87293,80852,74854,70301,66858,64082,61749,59639,57640,55752,53864,52087,50310,48644,47089,45535,44091,42647,41314,40093,38871,37760,36650,0,0,0,0,0,0,0,0,0,0,0,0,0,0,0,0,0,0,0,0,0,0,0,0,0,0,0,0
0,Rapid HIV tests in U15 (negative),75.88, 39421102,39729706,39841705,40012966,40302676,40677447,41073009,41435488,41838563,42250288,42693427,43150755,43615293,44065868,44494059,44891063,45249900,45564422,45823249,46035865,46202346,46320035,46391439,0,0,0,0,0,0,0,0,0,0,0,0,0,0,0,0,0,0,0,0,0,0,0,0,0,0,0,0,0
0,Rapid HIV tests in U15 (positive),110.7, 352580,335421,318705,306307,297451,291473,287156,283281,280514,278411,276086,273540,271104,268669,266455,264462,262580,260809,258927,257156,255274,253392,251400,0,0,0,0,0,0,0,0,0,0,0,0,0,0,0,0,0,0,0,0,0,0,0,0,0,0,0,0,0
0,Post-Exposure Prophylaxis (PEP),1319.14, 20073353,20433479,20796242,21160325,21525727,21892447,22252573,22606102,22954355,23296012,23631074,23959540,24280091,24592727,24896129,25191617,25477870,25753570,26020037,26275950,26521310,26756117,26980370,0,0,0,0,0,0,0,0,0,0,0,0,0,0,0,0,0,0,0,0,0,0,0,0,0,0,0,0,0
0,Inpatient care (ART; <200 cells/microl),8311.18, 265833092,263688808,262641599,254654555,248346370,243625619,239677809,236120624,232746285,229463369,226213697,222955715,219647865,216265215,212791142,209217334,205535481,201745583,197847640,193841651,189744239,185555405,181275147,0,0,0,0,0,0,0,0,0,0,0,0,0,0,0,0,0,0,0,0,0,0,0,0,0,0,0,0,0
0,Inpatient care (ART; 200-349 cells/microl),2623.84, 375996272,382566367,389062995,385686113,381941893,378488920,375232735,371960806,368565557,365002382,361276530,357353889,353221341,348868390,344292413,339490786,334466132,329223700,323771361,318119609,312281565,306259852,300067590,0,0,0,0,0,0,0,0,0,0,0,0,0,0,0,0,0,0,0,0,0,0,0,0,0,0,0,0,0
0,Inpatient care (ART; 350-500 cells/microl),773.65, 201867721,210101678,217280376,218763463,218728649,218191736,217552701,216772862,215830556,214720368,213465508,212052049,210478445,208745469,206854669,204807591,202608878,200263944,197776660,195153986,192400566,189521041,186518505,0,0,0,0,0,0,0,0,0,0,0,0,0,0,0,0,0,0,0,0,0,0,0,0,0,0,0,0,0
0,Inpatient care (ART; >500 cells/microl),773.65, 730251330,769043688,807056981,832027308,852931331,870038280,883942318,895328898,904623529,912158880,918334928,923222849,926912386,929480130,930981785,931468411,930986427,929585347,927307721,924195327,920283753,915602397,910175242,0,0,0,0,0,0,0,0,0,0,0,0,0,0,0,0,0,0,0,0,0,0,0,0,0,0,0,0,0
0,Inpatient care (pre-ART; <200 cells/microl),3235.21, 118586623,96626017,75500096,63157770,54833574,48893729,44474432,41116284,38521645,36493169,34882034,33575009,32491214,31569179,30760377,30035690,29375707,28761017,28185150,27638399,27107825,26596661,26095204,0,0,0,0,0,0,0,0,0,0,0,0,0,0,0,0,0,0,0,0,0,0,0,0,0,0,0,0,0
0,Inpatient care (pre-ART; 200-349 cells/microl),1735.03, 126617284,111749812,96297635,87282419,80482837,75253456,71172666,67940305,65329085,63172442,61350661,59764843,58350794,57059932,55859291,54726316,53643658,52604375,51596322,50612560,49646148,48690147,47744556,0,0,0,0,0,0,0,0,0,0,0,0,0,0,0,0,0,0,0,0,0,0,0,0,0,0,0,0,0
0,Inpatient care (pre-ART; 350-500 cells/microl),968.55, 98135423,89726472,80592077,75868459,72048497,69015967,66617838,64672021,63029360,61590095,60296112,59106732,57994837,56940086,55930857,54958433,54017971,53103659,52211625,51332181,50463392,49600414,48740342,0,0,0,0,0,0,0,0,0,0,0,0,0,0,0,0,0,0,0,0,0,0,0,0,0,0,0,0,0
0,Inpatient care (pre-ART; >500 cells/microl),968.55, 153550043,144546402,137614490,142441743,146468974,149566397,151837646,153485150,154646441,155429030,155940424,156225178,156320096,156254234,156050839,155722500,155279873,154726831,154073060,153315654,152451707,151482189,150409035,0,0,0,0,0,0,0,0,0,0,0,0,0,0,0,0,0,0,0,0,0,0,0,0,0,0,0,0,0
0,RetentionIntervention,2.04204e+09, 0,0,0,0,0,0,0,0,0,0,0,0,0,0,0,0,0,0,0,0,0,0,0,0,0,0,0,0,0,0,0,0,0,0,0,0,0,0,0,0,0,0,0,0,0,0,0,0,0,0,0,0
0,ART Adults (1st line 1st year),5166.48, 245201141,285277526,293719554,242881391,207986985,183156882,164981206,151202204,140414593,131683242,124419171,118250394,112913420,108217090,104042574,100307209,96954164,93926606,91183206,88692962,86430044,84368618,82482853,80746916,0,0,0,0,0,0,0,0,0,0,0,0,0,0,0,0,0,0,0,0,0,0,0,0,0,0,0,0
0,ART Adults (1st line followup),3145.62, 3584352204,3742252891,3918177981,4055402508,4166983940,4259534372,4332434115,4391062181,4437066873,4471942362,4494848767,4489441446,4479120667,4464367709,4452364024,4441760139,4431706737,4421546384,4410152949,4393150873,4371137824,4344513296,4313560395,-49162895,0,0,0,0,0,0,0,0,0,0,0,0,0,0,0,0,0,0,0,0,0,0,0,0,0,0,0,0
0,ART Adults (2nd line followup),3991.15, 451546738,457222153,455937003,441205668,419781175,394980169,374537498,356038518,340201635,327326185,320984248,342400759,362484225,381122896,389556196,389819612,383270135,371069189,354913014,340632679,327697362,315803735,304760223,0,0,0,0,0,0,0,0,0,0,0,0,0,0,0,0,0,0,0,0,0,0,0,0,0,0,0,0,0
0,ART Paeds Neonates,1844.24, 485035,475814,435241,403889,379913,361471,344873,328275,313521,296923,284013,269259,254505,241595,226842,213932,201022,188112,177047,165982,156760,147539,138318,130941,0,0,0,0,0,0,0,0,0,0,0,0,0,0,0,0,0,0,0,0,0,0,0,0,0,0,0,0
0,ART Paeds Kids <1,4942.99, 1300006,1275291,1166546,1082515,1018256,968826,924339,879852,840308,795821,761220,721677,682133,647532,607988,573387,538786,504185,474527,444869,420154,395439,370724,350952,0,0,0,0,0,0,0,0,0,0,0,0,0,0,0,0,0,0,0,0,0,0,0,0,0,0,0,0
0,ART Paeds Kids 1-2 (1st year),6636.97, 2462316,2409220,2203474,2024276,1878263,1772071,1692427,1612784,1539777,1466770,1393764,1320757,1254387,1188018,1128285,1068552,1015456,955724,909265,862806,816347,783162,743341,710156,0,0,0,0,0,0,0,0,0,0,0,0,0,0,0,0,0,0,0,0,0,0,0,0,0,0,0,0
0,ART Paeds Kids 1-2 (followup),4677.52, 3854276,3690563,3480075,3199424,2956193,2783124,2642799,2516506,2404245,2291985,2184402,2081496,1978591,1875686,1777458,1674552,1576324,1478096,1389223,1300351,1220833,1145992,1075830,0,0,0,0,0,0,0,0,0,0,0,0,0,0,0,0,0,0,0,0,0,0,0,0,0,0,0,0,0
0,ART Paeds Kids 3-5 (1st year),7309.84, 1790911,1915178,1768981,1630094,1491207,1374250,1271912,1198814,1133025,1081856,1030687,979519,935660,884491,840632,796773,760223,723674,687125,650576,614027,584787,555548,533618,0,0,0,0,0,0,0,0,0,0,0,0,0,0,0,0,0,0,0,0,0,0,0,0,0,0,0,0
0,ART Paeds Kids 3-5 (followup),5350.39, 11706653,12327299,12466409,12091881,11385630,10550969,9775163,9138466,8651581,8244951,7859723,7495896,7137420,6789645,6452570,6126197,5805173,5494851,5189878,4900957,4622737,4360568,4114450,0,0,0,0,0,0,0,0,0,0,0,0,0,0,0,0,0,0,0,0,0,0,0,0,0,0,0,0,0
0,ART Paeds Kids 6-9 (1st year),6919.21, 1522226,1397680,1197023,1093235,1044801,996366,941013,871820,809548,747275,698840,657325,629648,595052,567375,539698,512022,491264,463587,442829,415153,394395,373637,359799,0,0,0,0,0,0,0,0,0,0,0,0,0,0,0,0,0,0,0,0,0,0,0,0,0,0,0,0
0,ART Paeds Kids 6-9 (followup),4959.77, 15499281,15459603,16188689,17517908,19144712,19422459,18976080,18038683,16843379,15643115,14586684,13723684,13024356,12409345,11829051,11268597,10723023,10192327,9681471,9185494,8704396,8233218,7786839,0,0,0,0,0,0,0,0,0,0,0,0,0,0,0,0,0,0,0,0,0,0,0,0,0,0,0,0,0
0,ART Paeds Kids 10-14 (1st year),5037.55, 1465927,1405476,1052848,806008,629694,513830,448342,413079,397966,392929,377816,357666,332478,307291,287140,272028,256915,246840,236765,221652,211577,201502,191427,181352,0,0,0,0,0,0,0,0,0,0,0,0,0,0,0,0,0,0,0,0,0,0,0,0,0,0,0,0
0,ART Paeds Kids 10-14 (followup),3078.1, 25431262,22562473,19410499,16978800,14987269,14362415,14303931,14620975,15276610,16018432,15892230,15304313,14445523,13491312,12583273,11792201,11130410,10576352,10074621,9597516,9138879,8689476,8255464,0,0,0,0,0,0,0,0,0,0,0,0,0,0,0,0,0,0,0,0,0,0,0,0,0,0,0,0,0
0,Additional CD4 counts required,87.88, 24344869,25338177,25718609,25998243,26203443,26335615,26403194,26419452,26395022,26337460,26249053,26135688,26000968,25847969,25679327,25496712,25301179,25092904,24872237,24638388,24391006,24130003,23855641,0,0,0,0,0,0,0,0,0,0,0,0,0,0,0,0,0,0,0,0,0,0,0,0,0,0,0,0,0
0,Incremental POCVL costs across all populations,147.82, 0,0,0,0,0,0,0,0,0,0,0,0,0,0,0,0,0,0,0,0,0,0,0,0,0,0,0,0,0,0,0,0,0,0,0,0,0,0,0,0,0,0,0,0,0,0,0,0,0,0,0,0
0,IPT for PLHIV,209.62, 0,0,0,0,0,0,0,0,0,0,0,0,0,0,0,0,0,0,0,0,0,0,0,0,0,0,0,0,0,0,0,0,0,0,0,0,0,0,0,0,0,0,0,0,0,0,0,0,0,0,0,0
0,3HP for PLHIV,272.67, 0,0,0,0,0,0,0,0,0,0,0,0,0,0,0,0,0,0,0,0,0,0,0,0,0,0,0,0,0,0,0,0,0,0,0,0,0,0,0,0,0,0,0,0,0,0,0,0,0,0,0,0
0,IPT for household contacts,209.62, 0,0,0,0,0,0,0,0,0,0,0,0,0,0,0,0,0,0,0,0,0,0,0,0,0,0,0,0,0,0,0,0,0,0,0,0,0,0,0,0,0,0,0,0,0,0,0,0,0,0,0,0
0,3HP for household contacts,272.67, 0,0,0,0,0,0,0,0,0,0,0,0,0,0,0,0,0,0,0,0,0,0,0,0,0,0,0,0,0,0,0,0,0,0,0,0,0,0,0,0,0,0,0,0,0,0,0,0,0,0,0,0
0,TB Screening General PHC,14.25, 29142376,39618064,50050760,60532247,60708192,61152051,61664396,62200381,62738019,63251375,63736773,64193229,64618577,65010851,65368982,65693284,65984297,66243291,66471875,66671475,66843530,66989264,67109549,67204767,0,0,0,0,0,0,0,0,0,0,0,0,0,0,0,0,0,0,0,0,0,0,0,0,0,0,0,0
0,TB Screening PLHIV on ART,14.25, 11831077,16493876,21400707,26556856,26847713,27173453,27444189,27663468,27835067,27962704,28050826,28107641,28133291,28128930,28095870,28034937,27946858,27832587,27693422,27530245,27344297,27136603,26907947,26659028,0,0,0,0,0,0,0,0,0,0,0,0,0,0,0,0,0,0,0,0,0,0,0,0,0,0,0,0
0,TB Screening (Household contacts and other close contacts),28.37, 0,0,0,0,0,0,0,0,0,0,0,0,0,0,0,0,0,0,0,0,0,0,0,0,0,0,0,0,0,0,0,0,0,0,0,0,0,0,0,0,0,0,0,0,0,0,0,0,0,0,0,0
0,TB Screening (Door-to-door),32, 0,0,0,0,0,0,0,0,0,0,0,0,0,0,0,0,0,0,0,0,0,0,0,0,0,0,0,0,0,0,0,0,0,0,0,0,0,0,0,0,0,0,0,0,0,0,0,0,0,0,0,0
0,TB Screening (Door-to-door targetted),16, 0,0,0,0,0,0,0,0,0,0,0,0,0,0,0,0,0,0,0,0,0,0,0,0,0,0,0,0,0,0,0,0,0,0,0,0,0,0,0,0,0,0,0,0,0,0,0,0,0,0,0,0
0,TB Screening (Digital Chest X-ray),710, 0,0,0,0,0,0,0,0,0,0,0,0,0,0,0,0,0,0,0,0,0,0,0,0,0,0,0,0,0,0,0,0,0,0,0,0,0,0,0,0,0,0,0,0,0,0,0,0,0,0,0,0
0,TB Screening (Digital Chest X-ray portable),355, 0,0,0,0,0,0,0,0,0,0,0,0,0,0,0,0,0,0,0,0,0,0,0,0,0,0,0,0,0,0,0,0,0,0,0,0,0,0,0,0,0,0,0,0,0,0,0,0,0,0,0,0
0,Testing (TSwabPlusLife D2D targeted),57.34, 0,0,0,0,0,0,0,0,0,0,0,0,0,0,0,0,0,0,0,0,0,0,0,0,0,0,0,0,0,0,0,0,0,0,0,0,0,0,0,0,0,0,0,0,0,0,0,0,0,0,0,0
0,Testing (Follow-up Xpert DST),329.15, 0,0,0,0,0,0,0,0,0,0,0,0,0,0,0,0,0,0,0,0,0,0,0,0,0,0,0,0,0,0,0,0,0,0,0,0,0,0,0,0,0,0,0,0,0,0,0,0,0,0,0,0
0,Testing (TSwabPlusLife PHC),83.7, 0,0,0,0,0,0,0,0,0,0,0,0,0,0,0,0,0,0,0,0,0,0,0,0,0,0,0,0,0,0,0,0,0,0,0,0,0,0,0,0,0,0,0,0,0,0,0,0,0,0,0,0
0,Testing (TSwabPlusLife immediate treat),44.49, 0,0,0,0,0,0,0,0,0,0,0,0,0,0,0,0,0,0,0,0,0,0,0,0,0,0,0,0,0,0,0,0,0,0,0,0,0,0,0,0,0,0,0,0,0,0,0,0,0,0,0,0
0,Testing (Xpert Ultra),329.15, 134645720,169006017,203232351,202850866,204288922,205926115,207658431,209404243,211077970,212664473,214160789,215559018,216851261,218034226,219107585,220072323,220933050,221695033,222362878,222940536,223432616,223841091,224167607,-329,0,0,0,0,0,0,0,0,0,0,0,0,0,0,0,0,0,0,0,0,0,0,0,0,0,0,0,0
0,Testing: Culture in liquid medium (Xpert neg),109.21, 6609062,9042916,11532139,14074002,14227333,14371381,14505491,14628133,14739309,14836725,14921472,14995407,15058748,15111388,15153652,15185869,15208585,15222017,15226604,15222891,15211206,15191766,15164901,15130827,0,0,0,0,0,0,0,0,0,0,0,0,0,0,0,0,0,0,0,0,0,0,0,0,0,0,0,0
0,Testing: TUTT for PLHIV (screening),318.67, 93714792,97925060,102124175,105254789,107158842,108656273,109853197,110802515,111541829,112096953,112486686,112725051,112824795,112796433,112649208,112390448,112025889,111559356,110995629,110337575,109589657,108754742,107836335,106836667,0,0,0,0,0,0,0,0,0,0,0,0,0,0,0,0,0,0,0,0,0,0,0,0,0,0,0,0
0,Testing: TUTT for PLHIV (follow-up),44.49, 241002,233661,222317,207101,197135,192197,189038,187036,185612,184545,183610,182809,181964,181119,180185,179206,178093,176848,175513,174000,172443,170708,168884,166926,0,0,0,0,0,0,0,0,0,0,0,0,0,0,0,0,0,0,0,0,0,0,0,0,0,0,0,0
0,Testing: TUTT for previous TB (screening),318.67, 0,0,0,0,0,0,0,0,0,0,0,0,0,0,0,0,0,0,0,0,0,0,0,0,0,0,0,0,0,0,0,0,0,0,0,0,0,0,0,0,0,0,0,0,0,0,0,0,0,0,0,0
0,Testing: TUTT for previous TB (follow-up),44.49, 0,0,0,0,0,0,0,0,0,0,0,0,0,0,0,0,0,0,0,0,0,0,0,0,0,0,0,0,0,0,0,0,0,0,0,0,0,0,0,0,0,0,0,0,0,0,0,0,0,0,0,0
0,Testing: TUTT for HH (screening),322.31, 0,0,0,0,0,0,0,0,0,0,0,0,0,0,0,0,0,0,0,0,0,0,0,0,0,0,0,0,0,0,0,0,0,0,0,0,0,0,0,0,0,0,0,0,0,0,0,0,0,0,0,0
