     0	     0	7313798.123595	7384274.424678	7632865.382291	7887445.131389	8152134.970648	8435488.671601	8789253.285032	9263482.919137	10073872.307240	11366002.299043	13492593.837889	16914441.489972	22058354.985659	29068250.090812	37942740.095697	48198853.059450	58930384.732197	69013180.818016	77492230.371381	83453820.700531	86941555.051329	88851807.427683	90344169.133368	92007983.576794	93830793.716203	95844330.051477	98067887.838858	100747511.795221	103363224.328986	105766525.106264	107822333.197351	109540202.447350	111271324.579731	112970461.733967	114961791.035803	117505958.175305	120531055.692516	123805843.656040	127111035.874939	130414497.007970	133563266.672226	136701303.731580	139740789.270114	142691921.875632	145574457.239895	148403505.192189	151169465.568776	153888526.977511	156539625.367211	159116269.191744	161635985.938236	164114914.930002	166565207.826038	168995510.668706	171410778.914534	173810852.142637	176190926.936853	178542072.964536	180853428.389149	183113566.060485	185311845.285164	187439530.568398	189490361.823132	191460754.793822	193349830.012367
     1	     0	7313798.123595	7384274.424678	7632865.382291	7887445.131389	8152134.970648	8435488.671601	8789253.285032	9263482.919137	10073872.307240	11366002.299043	13492593.837889	16914441.489972	22058354.985659	29068250.090862	37942740.096515	48198853.066022	58930384.762677	69013180.902012	77492230.518342	83453820.893716	86941555.268997	88851807.655601	90344169.366391	92007983.815849	93830793.965004	95844330.314620	98067888.120710	100747512.099125	103363224.656355	105766525.457870	107822333.571993	109540202.844063	111271324.994692	112970462.164296	114961791.479337	117505958.630308	120531056.156894	123805844.127094	127111036.349482	130414497.483237	133563267.145869	158822273.800355	162316761.867195	165715029.669953	169040508.666052	172309721.932811	175510144.687753	178656700.351827	181718982.783012	184688473.850516	187584955.465844	190427304.075102	193230098.248846	196004237.528796	198756665.451782	201488419.221146	204195006.654990	206866957.374740	209492426.200170	212058906.614165	214554850.784281	216970880.621258	219300364.844100	221539625.963533	223687968.317724
     2	     0	7313798.123595	7384274.424678	7632865.382291	7887445.131389	8152134.970648	8435488.671601	8789253.285032	9263482.919137	10073872.307240	11366002.299043	13492593.837889	16914441.489972	22058354.985660	29068250.090875	37942740.096718	48198853.067658	58930384.770263	69013180.922916	77492230.554917	83453820.941795	86941555.323170	88851807.712326	90344169.424387	92007983.875347	93830794.026929	95844330.380115	98067888.190862	100747512.174767	103363224.737837	105766525.545385	107822333.665242	109540202.942805	111271325.097976	112970462.271405	114961791.589732	117505958.743558	120531056.272477	123805844.244339	127111036.467596	130414497.601531	133563267.263759	167781299.867475	171457222.474885	175034154.406967	178537008.925935	181982817.582843	185357810.958116	188676140.832563	191903204.043172	195029599.422237	198075968.491393	201062291.403594	204004151.163706	206913412.041071	209797902.339593	212659231.827490	215493115.749464	218289932.040976	221037494.223240	223722922.224634	226334375.438120	228862287.714035	231299937.140433	233643654.430886	235892851.907330
     3	     0	7313798.123595	7384274.424678	7632865.382291	7887445.131389	8152134.970648	8435488.671601	8789253.285032	9263482.919137	10073872.307240	11366002.299043	13492593.837889	16914441.489972	22058354.985660	29068250.090881	37942740.096813	48198853.068416	58930384.773782	69013180.932614	77492230.571884	83453820.964099	86941555.348299	88851807.738638	90344169.451287	92007983.902942	93830794.055648	95844330.410487	98067888.223393	100747512.209842	103363224.775620	105766525.585964	107822333.708481	109540202.988590	111271325.145867	112970462.321070	114961791.640922	117505958.796071	120531056.326073	123805844.298704	127111036.522363	130414497.656381	133563267.318421	175729197.904881	179564819.071488	183299177.399671	186958493.467752	190560221.807569	194089465.378371	197559579.232977	200932058.395988	204196690.842896	207374854.289208	210487502.860587	213551117.769583	216578440.079497	219578116.576323	222552302.972700	225496934.556971	228402284.377017	231255888.408978	234044564.438421	236756247.279003	239381237.942261	241912762.005751	244347178.850142	246684012.391262
     4	     0	7313798.123595	7384274.424678	7632865.382291	7887445.131389	8152134.970648	8435488.671601	8789253.285032	9263482.919137	10073872.307240	11366002.299043	13492593.837889	16914441.489972	22058354.985660	29068250.090886	37942740.096902	48198853.069133	58930384.777104	69013180.941769	77492230.587900	83453820.985152	86941555.372019	88851807.763472	90344169.476674	92007983.928983	93830794.082745	95844330.439142	98067888.254081	100747512.242927	103363224.811258	105766525.624239	107822333.749261	109540203.031772	111271325.191035	112970462.367910	114961791.689199	117505958.845596	120531056.376616	123805844.349972	127111036.574009	130414497.708104	133563267.369963	182853492.397858	186831318.301248	190705985.414373	194504878.631761	198245810.506719	201912857.127567	205518576.542252	209020834.999176	212408673.087878	215704107.182521	218928958.976737	222100518.901642	225232328.545195	228333792.621888	231407584.271003	234449862.995408	237450830.055203	240397791.559580	243277316.930187	246077167.047790	248787550.286928	251401666.709856	253915917.854464	256329939.885748
     5	     0	7313798.123595	7384274.424678	7632865.382291	7887445.131389	8152134.970648	8435488.671601	8789253.285032	9263482.919137	10073872.307240	11366002.299043	13492593.837889	16914441.489972	22058354.985660	29068250.090891	37942740.096986	48198853.069808	58930384.780233	69013180.950391	77492230.602986	83453821.004986	86941555.394370	88851807.786882	90344169.500616	92007983.953553	93830794.108326	95844330.466206	98067888.283076	100747512.274197	103363224.844945	105766525.660422	107822333.787817	109540203.072599	111271325.233740	112970462.412196	114961791.734844	117505958.892422	120531056.424408	123805844.398453	127111036.622852	130414497.757025	133563267.418723	189293361.666969	193399007.325853	197399889.454842	201324438.117692	205190773.256832	208982031.507840	212709988.135934	216329130.913598	219827809.200678	223228599.347546	226554101.872578	229822340.849148	233047591.772457	236239962.295616	239402614.350369	242531930.661853	245618064.548885	248648128.776977	251608485.808135	254486760.926344	257273099.613154	259960695.753643	262546001.827682	265028765.025001
     6	     0	7313798.123595	7384274.424678	7632865.382291	7887445.131389	8152134.970648	8435488.671601	8789253.285032	9263482.919137	10073872.307240	11366002.299043	13492593.837889	16914441.489972	22058354.985660	29068250.090896	37942740.097064	48198853.070441	58930384.783173	69013180.958492	77492230.617161	83453821.023617	86941555.415360	88851807.808857	90344169.523079	92007983.976592	93830794.132299	95844330.491557	98067888.310225	100747512.303467	103363224.876475	105766525.694285	107822333.823898	109540203.110806	111271325.273704	112970462.453642	114961791.777561	117505958.936243	120531056.469132	123805844.443819	127111036.668553	130414497.802793	133563267.464332	195155204.294149	199376633.054099	203491923.642200	207530450.652192	211510601.109610	215414648.594384	219253608.151353	222978817.561811	226577984.914270	230074181.976693	233490713.058814	236846270.963157	240155806.536042	243430080.548882	246672715.919425	249880314.449519	253042998.944444	256147717.377751	259180657.724400	262129339.147610	264983866.522129	267737441.506331	270386573.077833	272931117.044333
     7	     0	7313798.123595	7384274.424678	7632865.382291	7887445.131389	8152134.970648	8435488.671601	8789253.285032	9263482.919137	10073872.307240	11366002.299043	13492593.837889	16914441.489972	22058354.985660	29068250.090901	37942740.097139	48198853.071037	58930384.785938	69013180.966113	77492230.630493	83453821.041143	86941555.435106	88851807.829532	90344169.544216	92007983.998275	93830794.154864	95844330.515421	98067888.335785	100747512.331026	103363224.906160	105766525.726168	107822333.857870	109540203.146780	111271325.311333	112970462.492663	114961791.817780	117505958.977502	120531056.511241	123805844.486533	127111036.711583	130414497.845888	133563267.507278	200522360.551640	204849354.699855	209069021.010736	213211592.618819	217295690.973651	221302793.803193	225243183.069681	229065254.782011	232756120.420635	236339293.441890	239838717.775887	243273698.668519	246659810.551975	250008422.196170	253323591.007458	256602131.827359	259834149.824572	263006450.892895	266105074.393205	269117456.330046	272033677.833350	274846958.426110	277553866.896287	280154364.539473
     8	     0	7313798.123595	7384274.424678	7632865.382291	7887445.131389	8152134.970648	8435488.671601	8789253.285032	9263482.919137	10073872.307240	11366002.299043	13492593.837889	16914441.489972	22058354.985660	29068250.090905	37942740.097208	48198853.071599	58930384.788541	69013180.973286	77492230.643045	83453821.057643	86941555.453698	88851807.849000	90344169.564121	92007984.018697	93830794.176121	95844330.537905	98067888.359869	100747512.356996	103363224.934137	105766525.756217	107822333.889888	109540203.180684	111271325.346797	112970462.529442	114961791.855688	117505959.016391	120531056.550931	123805844.526795	127111036.752144	130414497.886513	133563267.547765	205461442.011030	209885222.697628	214200636.790124	218438701.767860	222618246.639038	226720012.747334	230753578.349406	234664587.393884	238439594.859349	242102510.628241	245677862.834255	249185519.963831	252641634.035348	256058140.924063	259439507.556593	262782754.692307	266077979.454624	269311864.000512	272470319.975083	275540718.310643	278513129.243812	281380797.448646	284140353.264971	286791859.928092
     9	     0	7313798.123595	7384274.424678	7632865.382291	7887445.131389	8152134.970648	8435488.671601	8789253.285032	9263482.919137	10073872.307240	11366002.299043	13492593.837889	16914441.489972	22058354.985660	29068250.090909	37942740.097274	48198853.072128	58930384.790996	69013180.980050	77492230.654879	83453821.073199	86941555.471225	88851807.867352	90344169.582885	92007984.037945	93830794.196153	95844330.559090	98067888.382560	100747512.381460	103363224.960489	105766525.784518	107822333.920042	109540203.212614	111271325.380195	112970462.564075	114961791.891383	117505959.053008	120531056.588302	123805844.564702	127111036.790331	130414497.924756	133563267.585877	210026601.878806	214539548.937015	218943215.333164	223269338.325926	227536932.093225	231726054.499564	235845610.252306	239838664.208664	243691251.003948	247427638.415372	251072890.520866	254647395.732045	258167842.583752	261646696.942663	265088811.887503	268491406.410722	271844576.772958	275134896.407411	278348166.326996	281471706.772457	284495586.931908	287413081.853891	290220884.066598	292919154.982784
    10	     0	7313798.123595	7384274.424678	7632865.382291	7887445.131389	8152134.970648	8435488.671601	8789253.285032	9263482.919137	10073872.307240	11366002.299043	13492593.837889	16914441.489972	22058354.985660	29068250.090913	37942740.097337	48198853.072628	58930384.793314	69013180.986437	77492230.666054	83453821.087889	86941555.487776	88851807.884683	90344169.600603	92007984.056121	93830794.215070	95844330.579098	98067888.403990	100747512.404568	103363224.985381	105766525.811254	107822333.948531	109540203.242782	111271325.411751	112970462.596801	114961791.925114	117505959.087612	120531056.623619	123805844.600528	127111036.826422	130414497.960903	133563267.621900	214262505.507246	218857946.172974	223343296.280124	227750956.263399	232100106.599254	236370168.969467	240569404.556902	244638457.023103	248562873.379247	252367246.194263	256077133.155554	259713404.230537	263293247.643561	266829625.509503	270327755.278070	273785046.266490	277191599.266177	280533891.420636	283797627.224664	286970087.753919	290041348.711874	293004719.212880	295856953.832732	298598308.321733
    11	     0	7313798.123595	7384274.424678	7632865.382291	7887445.131389	8152134.970648	8435488.671601	8789253.285032	9263482.919137	10073872.307240	11366002.299043	13492593.837889	16914441.489972	22058354.985660	29068250.090916	37942740.097395	48198853.073101	58930384.795508	69013180.992485	77492230.676635	83453821.101799	86941555.503451	88851807.901098	90344169.617389	92007984.073346	93830794.233001	95844330.598066	98067888.424310	100747512.426480	103363225.008986	105766525.836608	107822333.975546	109540203.271388	111271325.441673	112970462.627831	114961791.957095	117505959.120420	120531056.657104	123805844.634494	127111036.860641	130414497.995175	133563267.656057	218206452.253371	222878498.675390	227439732.524421	231923167.461911	236348134.197250	240693460.699977	244966793.961001	249106500.804523	253097670.324342	256965191.210998	260735077.383411	264428646.189090	268063552.387840	271653223.603899	275203221.404125	278711137.519166	282167081.321495	285557444.072789	288867845.521498	292085536.880728	295200606.185209	298206399.159862	301099731.743161	303880950.196175
    12	     0	7313798.123595	7384274.424678	7632865.382291	7887445.131389	8152134.970648	8435488.671601	8789253.285032	9263482.919137	10073872.307240	11366002.299043	13492593.837889	16914441.489972	22058354.985660	29068250.090920	37942740.097451	48198853.073549	58930384.797588	69013180.998217	77492230.686663	83453821.114980	86941555.518300	88851807.916642	90344169.633276	92007984.089639	93830794.249951	95844330.615987	98067888.443499	100747512.447166	103363225.031267	105766525.860536	107822334.001040	109540203.298384	111271325.469909	112970462.657113	114961791.987276	117505959.151380	120531056.688701	123805844.666544	127111036.892926	130414498.027507	133563267.688274	221889926.615873	226633348.725754	231265311.031685	235819396.086164	240315071.032929	244730608.421523	249073069.356293	253278676.033595	257332086.685814	261258461.115285	265084236.280674	268831146.318579	272517282.567034	276156510.099859	279754715.790659	283309666.010866	286811481.746247	290246477.172116	293600197.192872	296859870.710936	300015602.557000	303060776.748240	305992269.524059	308810513.902197
    13	     0	7313798.123595	7384274.424678	7632865.382291	7887445.131389	8152134.970648	8435488.671601	8789253.285032	9263482.919137	10073872.307240	11366002.299043	13492593.837889	16914441.489972	22058354.985660	29068250.090923	37942740.097504	48198853.073976	58930384.799566	69013181.003667	77492230.696199	83453821.127516	86941555.532425	88851807.931433	90344169.648400	92007984.105155	93830794.266102	95844330.633070	98067888.461798	100747512.466899	103363225.052524	105766525.883368	107822334.025369	109540203.324146	111271325.496857	112970462.685059	114961792.016080	117505959.180930	120531056.718860	123805844.697137	127111036.923746	130414498.058375	133563267.719038	225339755.416662	230149879.953221	234847961.585374	239468112.196651	244029923.419729	248511147.038488	252918285.360823	257185537.259485	261297154.818751	265278546.995028	269156544.159745	272953269.733928	276687224.472863	280372685.231927	284015846.729756	287614642.433859	291159207.197881	294635785.608250	298029856.119668	301328631.485076	304522236.743573	307604095.233930	310571142.178837	313423893.709479
    14	     0	7313798.123595	7384274.424678	7632865.382291	7887445.131389	8152134.970648	8435488.671601	8789253.285032	9263482.919137	10073872.307240	11366002.299043	13492593.837889	16914441.489972	22058354.985660	29068250.090926	37942740.097555	48198853.074382	58930384.801450	69013181.008858	77492230.705282	83453821.139456	86941555.545879	88851807.945523	90344169.662807	92007984.119937	93830794.281488	95844330.649345	98067888.479232	100747512.485697	103363225.072775	105766525.905118	107822334.048544	109540203.348687	111271325.522526	112970462.711679	114961792.043516	117505959.209075	120531056.747585	123805844.726275	127111036.953101	130414498.087775	133563267.748339	228578986.678725	233451615.911479	238211674.517868	242893768.245795	247517602.802123	252060440.675501	256528251.159784	260853321.310706	265019519.699197	269052485.045365	272979414.564588	276822796.132090	280601515.216531	284330236.925445	288015447.611828	291655240.576258	295239766.196939	298755205.913035	302186978.895898	305522286.796533	308751277.450248	311867414.052512	314867689.323656	317752698.999336
