     0	     0	273625304.259374	279982946.983451	287492855.442718	295067741.779065	302750752.572610	310523660.921511	321012072.218851	332247520.212108	344015581.192616	355594033.779649	366905476.051601	377902299.762860	385884648.766928	392952789.211125	398898902.310897	404419664.192827	409481690.613918	414491009.602013	419201334.338555	423240851.166354	426662671.597700	430034613.442222	434981539.160624	440726255.626770	446897467.101065	453452373.936266	460452249.232578	469091457.664406	477980811.500055	486782212.592284	495300182.124554	503538661.052441	512697195.203512	521690270.188604	530582512.289662	539255736.275875	547108179.436267	555375128.030242	564671986.699740	574003529.729779	583109365.023629	592128503.659590	600917913.934223	609495002.382763	617901726.533444	626157505.601688	634227548.691599	642099664.317071	649596899.807739	656685550.322246	663389475.009459	669740997.820090	675770903.911562	681508953.680870	686982914.535620	692212155.668620	697205938.644486	701963487.715701	706479150.632471	710745102.317296	714754333.273691	718503142.396159	721992090.455697	725226332.942873	728215269.123866
     1	     0	273625304.259374	279982946.983451	287492855.442718	295067741.779065	302750752.572610	310523660.921511	321012072.218851	332247520.212108	344015581.192616	355594033.779649	366905476.051601	377902299.762860	385884648.766942	392952789.211743	398898902.318290	404419664.237367	409481690.774861	414491009.966068	419201334.933153	423240851.946697	426662672.513762	430034614.460488	434981540.260504	440726256.794602	446897468.326845	453452375.214211	460452250.557947	469091459.032854	477980812.906226	486782214.032493	495300183.594650	503538662.551620	512697196.727272	521690271.733953	530582513.854811	539255737.859638	547108181.036770	555375129.647432	564671988.334784	574003531.383165	583109366.695213	592128505.347146	600918508.129130	609498990.095345	617912969.510967	626179981.988766	634264715.878380	642154259.478358	649670890.108280	656780243.765404	663505704.523865	669879255.812611	675931437.466533	681691818.590845	687187999.342843	692439176.555678	697454347.873962	702232241.261464	706766510.720050	711048770.447417	715071758.462354	718831650.612401	722328844.755978	725568282.207390	728559180.706538
     2	     0	273625304.259374	279982946.983451	287492855.442718	295067741.779065	302750752.572610	310523660.921511	321012072.218851	332247520.212108	344015581.192616	355594033.779649	366905476.051601	377902299.762860	385884648.766945	392952789.211896	398898902.320130	404419664.248453	409481690.814916	414491010.056673	419201335.081134	423240852.140906	426662672.741750	430034614.713914	434981540.534244	440726257.085257	446897468.631925	453452375.532277	460452250.887818	469091459.373449	477980813.256212	486782214.390951	495300183.960549	503538662.924759	512697197.106530	521690272.118585	530582514.244372	539255738.253833	547108181.435131	555375130.049947	564671988.741744	574003531.794690	583109367.111269	592128505.767175	600918734.871150	609500511.091039	617917264.240931	626188583.385479	634278958.878217	642175196.537931	649699268.304866	656816546.586036	663550223.331949	669932142.867605	675992743.845100	681761516.284400	687265991.864859	692525297.522378	697548324.210343	702333598.478267	706874495.837723	711162414.091600	715190005.382402	718953411.427359	722452977.753979	725693572.351542	728684352.912504
     3	     0	273625304.259374	279982946.983451	287492855.442718	295067741.779065	302750752.572610	310523660.921511	321012072.218851	332247520.212108	344015581.192616	355594033.779649	366905476.051601	377902299.762860	385884648.766947	392952789.211967	398898902.320984	404419664.253595	409481690.833497	414491010.098704	419201335.149783	423240852.230998	426662672.847510	430034614.831470	434981540.661219	440726257.220073	446897468.773427	453452375.679795	460452251.040807	469091459.531408	477980813.418522	486782214.557188	495300184.130232	503538663.097797	512697197.282402	521690272.296948	530582514.425019	539255738.436627	547108181.619856	555375130.236597	564671988.930453	574003531.985514	583109367.304191	592128505.961940	600918929.832122	609501818.851801	617920959.117574	626195988.422107	634291225.731387	642193229.330110	649723702.631779	656847785.670838	663588500.349380	669977567.576542	676045336.140686	681821226.046488	687332708.854628	692598850.534249	697628448.703876	702419852.619053	706966193.820760	711258684.885463	715289910.545364	719055990.267469	722557230.115671	725798439.809986	728788730.437558
     4	     0	273625304.259374	279982946.983451	287492855.442718	295067741.779065	302750752.572610	310523660.921511	321012072.218851	332247520.212108	344015581.192616	355594033.779649	366905476.051601	377902299.762860	385884648.766949	392952789.212035	398898902.321790	404419664.258449	409481690.851039	414491010.138382	419201335.214586	423240852.316042	426662672.947338	430034614.942428	434981540.781060	440726257.347306	446897468.906960	453452375.818999	460452251.185163	469091459.680444	477980813.571655	486782214.714017	495300184.290306	503538663.261028	512697197.448301	521690272.465190	530582514.595410	539255738.609038	547108181.794084	555375130.412636	564671989.108429	574003532.165481	583109367.486132	592128506.145614	600919100.080596	609502959.876361	617924183.853616	626202453.740185	634301937.451552	642208973.323823	649745025.768967	656875027.751492	663621849.280426	670017100.968040	676091051.384025	681873058.340010	687390540.467972	692662510.395902	697697683.649120	702494252.344970	707045132.582721	711341376.871671	715375516.736484	719143658.131851	722646077.307238	725887537.142686	728877112.183032
     5	     0	273625304.259374	279982946.983451	287492855.442718	295067741.779065	302750752.572610	310523660.921511	321012072.218851	332247520.212108	344015581.192616	355594033.779649	366905476.051601	377902299.762860	385884648.766950	392952789.212098	398898902.322549	404419664.263023	409481690.867560	414491010.175752	419201335.275622	423240852.396152	426662673.041394	430034615.046996	434981540.894031	440726257.467281	446897469.032914	453452375.950338	460452251.321399	469091459.821131	477980813.716239	486782214.862118	495300184.441498	503538663.415226	512697197.605042	521690272.624163	530582514.756430	539255738.771982	547108181.958759	555375130.579036	564671989.276675	574003532.335623	583109367.658156	592128506.319288	600919250.508677	609503967.183312	617927031.012090	626208163.119069	634311396.450506	642222871.803493	649763838.846996	656899044.448482	663651221.942025	670051882.767600	676131223.551693	681918546.660664	687441223.966825	692718221.250508	697758181.434575	702559156.471881	707113870.841176	711413237.530019	715449745.886863	719219494.809077	722722738.038473	725964200.408674	728952927.554582
     6	     0	273625304.259374	279982946.983451	287492855.442718	295067741.779065	302750752.572610	310523660.921511	321012072.218851	332247520.212108	344015581.192616	355594033.779649	366905476.051601	377902299.762860	385884648.766951	392952789.212158	398898902.323262	404419664.267317	409481690.883082	414491010.210866	419201335.332972	423240852.471413	426662673.129738	430034615.145186	434981541.000078	440726257.579866	446897469.151071	453452376.073510	460452251.449130	469091459.953000	477980813.851735	486782215.000884	495300184.583136	503538663.559658	512697197.751834	521690272.773028	530582514.907198	539255738.924539	547108182.112924	555375130.734804	564671989.434157	574003532.494869	583109367.819150	592128506.481817	600919384.719343	609504865.101380	617929568.930621	626213252.572851	634319827.077076	642235254.319962	649780589.551238	656920411.226137	663677328.944193	670082764.506281	676166849.736505	681958837.385877	687486057.860986	692767435.625990	697811549.049367	702616324.322909	707174314.384191	711476309.656348	715514765.957818	719285779.911118	722789588.333216	726030884.861170	729018692.078851
     7	     0	273625304.259374	279982946.983451	287492855.442718	295067741.779065	302750752.572610	310523660.921511	321012072.218851	332247520.212108	344015581.192616	355594033.779649	366905476.051601	377902299.762860	385884648.766953	392952789.212214	398898902.323932	404419664.271358	409481690.897684	414491010.243894	419201335.386915	423240852.542206	426662673.212841	430034615.237558	434981541.099850	440726257.685798	446897469.262256	453452376.189422	460452251.569339	469091460.077114	477980813.979265	486782215.131500	495300184.716458	503538663.695615	512697197.890019	521690272.913170	530582515.049134	539255739.068161	547108182.258062	555375130.881454	564671989.582425	574003532.644797	583109367.970727	592128506.634840	600919505.441872	609505672.049300	617931849.435931	626217825.475201	634327400.185835	642246372.271072	649795619.852807	656939568.089047	663700713.973046	670110397.905248	676198693.100490	681994807.743714	687526035.326790	692811263.719894	697859013.596701	702667097.700235	707227914.499902	711532145.987772	715572221.285654	719344238.288110	722848421.187376	726089437.820727	729076292.268150
     8	     0	273625304.259374	279982946.983451	287492855.442718	295067741.779065	302750752.572610	310523660.921511	321012072.218851	332247520.212108	344015581.192616	355594033.779649	366905476.051601	377902299.762860	385884648.766954	392952789.212266	398898902.324564	404419664.275162	409481690.911429	414491010.274987	419201335.437699	423240852.608856	426662673.291084	430034615.324534	434981541.193801	440726257.785558	446897469.366971	453452376.298599	460452251.682573	469091460.194034	477980814.099413	486782215.254559	495300184.842077	503538663.823723	512697198.020231	521690273.045230	530582515.182889	539255739.203510	547108182.394844	555375131.019666	564671989.722166	574003532.786108	583109368.113597	592128506.779078	600919614.788284	609506402.288249	617933912.724198	626221962.154178	634334248.767406	642256421.604231	649809196.553849	656956858.537497	663721801.600115	670135291.912158	676227349.475856	682027142.296540	687561930.874402	692850570.529806	697901530.119748	702712519.536679	707275797.414923	711581949.201484	715623382.763266	719396199.893821	722900615.496441	726141275.905169	729127170.260669
     9	     0	273625304.259374	279982946.983451	287492855.442718	295067741.779065	302750752.572610	310523660.921511	321012072.218851	332247520.212108	344015581.192616	355594033.779649	366905476.051601	377902299.762860	385884648.766955	392952789.212316	398898902.325160	404419664.278749	409481690.924389	414491010.304302	419201335.485577	423240852.671690	426662673.364847	430034615.406525	434981541.282362	440726257.879589	446897469.465664	453452376.401489	460452251.789276	469091460.304201	477980814.212613	486782215.370496	495300184.960415	503538663.944398	512697198.142881	521690273.169614	530582515.308863	539255739.330980	547108182.523658	555375131.149819	564671989.853753	574003532.919170	583109368.248119	592128506.914882	600919714.424894	609507067.075290	617935790.571946	626225726.215746	634340478.274297	642265557.853125	649821531.571183	656972555.500625	663740929.184588	670157850.842685	676253291.988329	682056384.270821	687594358.591589	692886041.197740	697939854.194091	702753413.805095	707318851.464143	711626666.152096	715669248.844259	719442707.170312	722947249.348334	726187503.662758	729172447.134807
    10	     0	273625304.259374	279982946.983451	287492855.442718	295067741.779065	302750752.572610	310523660.921511	321012072.218851	332247520.212108	344015581.192616	355594033.779649	366905476.051601	377902299.762860	385884648.766956	392952789.212363	398898902.325721	404419664.282136	409481690.936627	414491010.331986	419201335.530792	423240852.731029	426662673.434505	430034615.483953	434981541.365996	440726257.968389	446897469.558871	453452376.498662	460452251.890057	469091460.408258	477980814.319540	486782215.480012	495300185.072206	503538664.058403	512697198.258756	521690273.287132	530582515.427889	539255739.451422	547108182.645374	555375131.272806	564671989.978099	574003533.044911	583109368.375246	592128507.043224	600919805.689221	609507675.445371	617937508.515031	626229168.844070	634346173.659967	642273906.413335	649832795.830156	656986879.138886	663758368.816726	670178400.661165	676276901.849416	682082971.019636	687623812.419550	692918226.223749	697974592.171736	702790440.824869	707357787.397642	711667053.016680	715710615.285975	719484589.087973	722989177.998562	726228995.053276	729213007.403324
    11	     0	273625304.259374	279982946.983451	287492855.442718	295067741.779065	302750752.572610	310523660.921511	321012072.218851	332247520.212108	344015581.192616	355594033.779649	366905476.051601	377902299.762860	385884648.766957	392952789.212408	398898902.326254	404419664.285343	409481690.948215	414491010.358196	419201335.573602	423240852.787216	426662673.500469	430034615.557286	434981541.445215	440726258.052512	446897469.647179	453452376.590739	460452251.985560	469091460.506875	477980814.420883	486782215.583815	495300185.178169	503538664.166468	512697198.368599	521690273.398537	530582515.540724	539255739.565602	547108182.760764	555375131.389402	564671990.095984	574003533.164121	583109368.495771	592128507.164903	600919889.669876	609508234.754189	617939087.366480	626232331.805099	634351404.307872	642281569.754780	649843129.037599	657000009.390066	663774342.807490	670197207.557308	676298490.146089	682107259.137694	687650694.692120	692947573.512325	698006236.792118	702824136.448030	707393181.081075	711703721.373907	715748124.415122	719522513.361748	723027088.757439	726266450.678714	729249558.214832
    12	     0	273625304.259374	279982946.983451	287492855.442718	295067741.779065	302750752.572610	310523660.921511	321012072.218851	332247520.212108	344015581.192616	355594033.779649	366905476.051601	377902299.762860	385884648.766958	392952789.212450	398898902.326758	404419664.288382	409481690.959198	414491010.383041	419201335.614178	423240852.840462	426662673.562967	430034615.626743	434981541.520225	440726258.132139	446897469.730739	453452376.677836	460452252.075872	469091460.600105	477980814.516668	486782215.681906	495300185.278282	503538664.268549	512697198.472342	521690273.503739	530582515.647268	539255739.673405	547108182.869700	555375131.499467	564671990.207259	574003533.276638	583109368.609520	592128507.279734	600919967.263274	609508751.065013	617940544.300239	626235249.595968	634356227.566571	642288632.605073	649852646.718146	657012095.016249	663789034.872593	670214491.372913	676318313.601546	682129542.636086	687675336.793043	692974451.567488	698035192.949847	702854940.397969	707425504.348958	711737171.459346	715782300.630705	719557024.015647	723061540.398557	726300438.783362	729282671.660822
    13	     0	273625304.259374	279982946.983451	287492855.442718	295067741.779065	302750752.572610	310523660.921511	321012072.218851	332247520.212108	344015581.192616	355594033.779649	366905476.051601	377902299.762860	385884648.766959	392952789.212490	398898902.327238	404419664.291272	409481690.969641	414491010.406663	419201335.652759	423240852.891097	426662673.622410	430034615.692822	434981541.591603	440726258.207932	446897469.810297	453452376.760785	460452252.161904	469091460.688939	477980814.607956	486782215.775407	495300185.373728	503538664.365888	512697198.571281	521690273.604083	530582515.748899	539255739.776248	547108182.973632	555375131.604485	564671990.313438	574003533.384010	583109368.718076	592128507.389328	600920039.218313	609509229.433751	617941893.645003	626237951.019186	634360691.341744	642295165.755310	649861445.387210	657023260.262351	663802598.371252	670230435.499166	676336586.197814	682150066.347442	687698014.391350	692999166.595173	698061796.684522	702883217.138413	707455147.702284	711767816.598392	715813576.447837	719588568.889868	723092991.958491	726331425.150039	729312815.548849
    14	     0	273625304.259374	279982946.983451	287492855.442718	295067741.779065	302750752.572610	310523660.921511	321012072.218851	332247520.212108	344015581.192616	355594033.779649	366905476.051601	377902299.762860	385884648.766960	392952789.212528	398898902.327695	404419664.294025	409481690.979588	414491010.429162	419201335.689506	423240852.939326	426662673.679031	430034615.755764	434981541.659595	440726258.280129	446897469.886083	453452376.839802	460452252.243858	469091460.773560	477980814.694914	486782215.864473	495300185.464646	503538664.458607	512697198.665523	521690273.699663	530582515.845705	539255739.874208	547108183.072629	555375131.704515	564671990.414574	574003533.486282	583109368.821475	592128507.493716	600920106.164009	609509674.114929	617943147.468613	626240460.349177	634364836.024040	642301228.897717	649869606.415000	657033609.836429	663815162.474261	670245194.291026	676353487.885567	682169035.972303	687718958.857537	693021975.313541	698086329.396387	702909271.483027	707482437.267621	711796001.437569	715842311.900561	719617520.097373	723121824.112273	726359795.240838	729340376.137662
